  840   96 99998 99998 8 8 8 8 998 98 98 8 998 998 998 998 998 998 8 8 8 8 8 8 8 8 8 8 8 8 8 8 8 8 8 8 8 8 8 8 8 8 8 8 8 8 8 8 8 8 8 8 8 8 8 8 8 8 8 8 8 8 8 8 8 8 8 8 8 8 8 8 8 8 8 8 8 8 8 8 8 8 8 8 8 8 8 8 8 8 8 8 8 8 8 998 8 8 1051 998 1  42 998  147.8851005 14640.624954   1.12840467  131.0567960 1 37 9 9 9 9 999.00000000 20081216   7 8 8 8 8 8 8 8 8 8 8 8 8 1 1
  840  131 99998 99998 8 8 8 8 998 98 98 8 998 998 998 998 998 998 8 8 8 8 8 8 8 8 8 8 8 8 8 8 8 8 8 8 8 8 8 8 8 8 8 8 8 8 8 8 8 8 8 8 8 8 8 8 8 8 8 8 8 8 8 8 8 8 8 8 8 8 8 8 8 8 8 8 8 8 8 8 8 8 8 8 8 8 8 8 8 8 8 8 8 8 8 998 8 8 1078 998 1  42 998  324.0886244 22848.248017   1.12840467  287.2095740 1 54 9 9 9 9 999.00000000 20081216  13 8 8 8 8 8 8 8 8 8 8 8 8 2 1
  840  221 99998 99998 8 8 8 8 998 98 98 8 998 998 998 998 998 998 8 8 8 8 8 8 8 8 8 8 8 8 8 8 8 8 8 8 8 8 8 8 8 8 8 8 8 8 8 8 8 8 8 8 8 8 8 8 8 8 8 8 8 8 8 8 8 8 8 8 8 8 8 8 8 8 8 8 8 8 8 8 8 8 8 8 8 8 8 8 8 8 8 8 8 8 8 998 8 8 1146 998 1  42 998  171.1479256 15745.609155   1.12840467  151.6724720 1 20 9 9 9 9 999.00000000 20081216  44 8 8 8 8 8 8 8 8 8 8 8 8 3 1
  840  227 99998 99998 8 8 8 8 998 98 98 8 998 998 998 998 998 998 8 8 8 8 8 8 8 8 8 8 8 8 8 8 8 8 8 8 8 8 8 8 8 8 8 8 8 8 8 8 8 8 8 8 8 8 8 8 8 8 8 8 8 8 8 8 8 8 8 8 8 8 8 8 8 8 8 8 8 8 8 8 8 8 8 8 8 8 8 8 8 8 8 8 8 8 8 998 8 8 1151 998 1  42 998  117.1705032 12888.755351   1.12840467  103.8373080 1 22 9 9 9 9 999.00000000 20081216  71 8 8 8 8 8 8 8 8 8 8 8 8 4 1
  840  277 99998 99998 8 8 8 8 998 98 98 8 998 998 998 998 998 998 8 8 8 8 8 8 8 8 8 8 8 8 8 8 8 8 8 8 8 8 8 8 8 8 8 8 8 8 8 8 8 8 8 8 8 8 8 8 8 8 8 8 8 8 8 8 8 8 8 8 8 8 8 8 8 8 8 8 8 8 8 8 8 8 8 8 8 8 8 8 8 8 8 8 8 8 8 998 8 8 1189 998 1  42 998   98.9101646 11839.546702   1.12840467   87.6548700 0 45 9 9 9 9 999.00000000 20081216   8 8 8 8 8 8 8 8 8 8 8 8 8 8 1
  840  280 99998 99998 8 8 8 8 998 98 98 8 998 998 998 998 998 998 8 8 8 8 8 8 8 8 8 8 8 8 8 8 8 8 8 8 8 8 8 8 8 8 8 8 8 8 8 8 8 8 8 8 8 8 8 8 8 8 8 8 8 8 8 8 8 8 8 8 8 8 8 8 8 8 8 8 8 8 8 8 8 8 8 8 8 8 8 8 8 8 8 8 8 8 8 998 8 8 1191 998 1  42 998  112.8308540  9719.216582   1.12840467   99.9914810 0 46 9 9 9 9 999.00000000 20081216  92 8 8 8 8 8 8 8 8 8 8 8 8 5 1
  840 1013 99998 99998 8 8 8 8 998 98 98 8 998 998 998 998 998 998 8 8 8 8 8 8 8 8 8 8 8 8 8 8 8 8 8 8 8 8 8 8 8 8 8 8 8 8 8 8 8 8 8 8 8 8 8 8 8 8 8 8 8 8 8 8 8 8 8 8 8 8 8 8 8 8 8 8 8 8 8 8 8 8 8 8 8 8 8 8 8 8 8 8 8 8 8 998 8 8 1205 998 1  42 998  217.6023621 14796.960623   1.12840467  192.8407140 1  5 9 9 9 9 999.00000000 20081216   8 8 8 8 8 8 8 8 8 8 8 8 8 8 2
  840 2081 99998 99998 8 8 8 8 998 98 98 8 998 998 998 998 998 998 8 8 8 8 8 8 8 8 8 8 8 8 8 8 8 8 8 8 8 8 8 8 8 8 8 8 8 8 8 8 8 8 8 8 8 8 8 8 8 8 8 8 8 8 8 8 8 8 8 8 8 8 8 8 8 8 8 8 8 8 8 8 8 8 8 8 8 8 8 8 8 8 8 8 8 8 8 998 8 8 1249 998 1  42 998  146.4631290 15321.933139   1.12840467  129.7966350 1 32 9 9 9 9 999.00000000 20081216   6 8 8 8 8 8 8 8 8 8 8 8 8 1 1
  840    1   175    17 1 3 1 1 180  5 45 3  30  25  25   0  20   0 1 1 1 1 2 2 2 2 1 2 3 2 2 2 2 2 2 2 2 1 1 1 2 2 1 2 1 2 1 2 4 2 1 2 2 2 2 1 1 3 1 2 1 2 1 1 2 2 2 2 1 1 2 1 1 1 1 1 1 1 2 1 1 1 1 2 2 3 1 2 1 1 2 2 1 2 2  29 1 1   72 998 1  42 998  801.6929137 12827.086619   1.12840467  710.4657890 0  1 2 1 1 1  28.75000000 20081216   0 1 2 2 2 2 2 2 2 2 2 1 2 1 2
  840    2   606    67 1 2 1 3 180  5 30 3  15  15  30   5  20  15 1 1 1 1 2 2 2 3 2 2 4 2 2 2 2 1 2 2 2 2 2 2 2 2 1 2 2 2 3 2 5 2 1 2 2 2 2 1 2 2 2 1 1 3 1 1 1 1 2 2 1 1 2 1 1 1 2 2 2 2 2 1 2 2 3 2 2 2 2 2 2 2 2 4 3 2 2  22 1 1  224 998 1  42 998  230.7903840 15462.955731   1.12840467  204.5280300 1  1 2 2 2 2  27.50000000 20081216  80 5 2 2 2 2 2 2 2 2 2 1 2 5 2
  840    5   847   110 4 1 4 1 175  5 50 3  85   6   6   0   3 999 1 1 1 1 1 2 1 2 1 1 1 1 1 2 2 2 2 2 2 5 5 4 5 5 1 2 2 2 1 2 4 2 1 2 2 2 1 1 1 2 1 1 1 1 1 1 1 1 1 1 1 1 1 1 1 1 1 1 1 2 1 1 2 2 1 2 2 2 2 2 2 1 2 1 1 2 2  30 1 1  226 998 1  42 998  169.2462816 14901.031318   1.12840467  149.9872220 1  2 1 1 1 1  29.16666667 20081216   8 1 2 2 2 2 2 2 2 2 2 1 2 9 2
  840    6   310    35 5 2 1 1 175  5 40 3  20  30  30   5  15   0 1 1 1 1 1 2 1 2 2 2 2 2 2 2 2 1 2 2 2 1 5 5 5 5 1 1 1 2 1 2 4 3 1 3 2 2 1 1 1 2 1 1 1 2 1 1 2 1 1 1 1 1 1 1 1 1 1 1 3 1 3 9 3 3 1 1 1 3 3 3 1 1 1 1 2 2 2  32 2 1   10 998 1  42 998  400.8464574 14029.626009   1.12840467  355.2328950 0  2 2 1 2 1  28.33333333 20081216  17 1 2 2 2 2 2 2 2 2 2 1 2 2 2
  840    8   446    37 4 1 4 1 180  5 45 3  30  40  24   5   3   2 1 1 1 1 1 1 2 2 1 2 2 2 2 2 2 1 2 2 2 1 5 5 5 1 1 2 1 2 1 2 2 2 1 2 2 2 2 2 1 2 1 1 1 2 2 1 2 2 2 2 2 1 1 1 1 1 1 1 2 1 1 1 1 2 2 2 2 2 1 2 1 1 2 2 1 1 1  20 1 1  164 998 1  42 998  310.8605181 11501.839169   1.12840467  275.4867350 0  3 2 1 1 1  28.75000000 20081216   1 1 2 2 2 2 2 2 2 2 2 1 2 1 2
  840   10   122    15 6 1 2 1 178  6  0 3  75   5  10   0   5   5 1 1 1 1 1 2 2 2 2 2 3 1 2 2 2 1 2 2 1 1 2 2 2 2 1 2 2 2 1 1 4 5 1 1 2 2 2 2 2 2 9 2 1 2 2 1 1 1 1 1 1 1 1 1 1 1 3 3 3 3 1 2 3 3 2 3 4 4 3 3 3 3 4 3 3 1 1  20 1 1   14 998 1  42 998  761.6082685 11424.124027   1.12840467  674.9425000 0  4 2 2 2 1  30.00000000 20081216   0 1 1 2 2 2 2 2 2 2 2 1 2 1 2
  840   11   674    66 1 2 4 2 182  5 40 3  50  25  15   0  10   0 1 1 1 1 1 2 2 1 1 1 1 1 1 2 2 1 2 2 2 4 3 4 3 4 1 1 1 2 2 2 3 2 1 2 3 2 2 1 1 2 2 1 1 2 2 1 2 2 2 1 1 9 2 2 1 1 1 1 1 2 2 1 3 3 3 3 3 2 3 3 2 2 2 3 3 1 1  46 1 1  236 998 1  42 998  227.3457516 14945.878117   1.12840467  201.4753730 1  4 2 2 2 1  28.33333333 20081216   8 2 2 2 2 2 2 2 2 2 2 1 2 9 2
  840   18   291    28 2 1 1 1 176  6  0 3  60  10  10   0  10  10 1 1 1 1 1 2 1 2 1 2 2 2 2 2 1 2 2 2 2 1 1 1 3 1 1 2 2 2 2 2 4 2 1 2 2 2 2 1 2 4 2 1 1 1 1 1 1 1 2 1 1 1 2 1 1 1 1 1 1 1 1 1 3 2 1 2 2 2 2 3 1 2 3 1 4 2 2  24 1 2   97 998 1  42 998  448.0048638 12544.136187   1.12840467  397.0250000 1  6 1 2 2 1  30.00000000 20081216   9 1 2 2 2 2 2 2 2 2 2 1 2 1 2
  840   20   485    54 4 1 2 1 178  5 41 3  50  30  10   0   5   5 1 1 1 1 1 2 1 1 1 1 1 2 2 2 2 2 2 2 2 5 5 3 5 5 1 2 1 2 1 2 2 1 1 2 2 2 1 1 1 1 1 1 1 1 1 1 1 1 1 1 1 1 1 1 1 1 1 1 2 1 1 1 2 2 1 1 1 1 2 2 1 1 1 1 2 1 2  30 1 1  234 998 1  42 998  287.3993466 14944.766022   1.12840467  254.6952830 0  7 1 1 1 1  28.41666667 20081216   0 1 2 2 2 2 2 2 2 2 2 1 2 1 2
  840   24   197    23 6 2 4 1 174  7 10 3  30  20  20  15  10   5 1 1 1 1 1 2 3 3 2 2 3 3 2 2 2 2 2 2 2 4 3 4 4 4 1 2 1 2 1 2 3 2 2 2 4 2 2 1 1 3 2 2 1 9 9 9 9 9 9 9 9 9 9 9 9 9 2 3 2 2 2 1 3 3 2 3 2 3 2 2 2 2 2 1 2 2 2  18 1 1   12 998 1  42 998  896.0097276 20608.223735   1.12840467  794.0500000 0  8 9 2 2 2  35.83333333 20081216  10 1 2 2 2 2 2 2 2 2 2 1 2 2 2
  840   26   415    28 1 1 4 1 176  7  0 3  50  25  15   5   5   0 1 1 1 1 1 2 2 2 2 2 1 2 2 2 1 2 2 1 2 5 5 5 5 5 1 2 1 1 1 1 4 4 1 4 3 2 2 2 2 2 2 1 1 2 2 1 2 2 1 1 1 1 2 1 1 1 1 1 2 1 1 1 1 1 1 1 1 2 1 1 2 1 1 1 2 1 2  12 2 1  249 998 1  42 998  609.2866148 17060.025214   1.12840467  539.9540000 1  9 2 1 1 1  35.00000000 20081216   0 2 2 2 2 2 2 2 2 2 2 1 2 1 2
  840   27   225    19 2 1 2 3 999  5 20 3  40  10  15   0  20  15 1 1 1 1 2 2 2 2 2 2 2 1 2 2 9 2 2 2 2 1 1 1 1 1 1 1 1 1 2 2 5 3 1 2 5 2 1 1 2 3 2 1 1 2 2 9 1 2 1 1 1 1 2 1 1 9 1 1 2 3 2 4 4 4 1 2 2 4 4 4 2 2 3 1 3 2 2  14 4 2   37 998 1  42 998  362.6706035  6890.741467   1.12840467  321.4011900 0  9 2 2 2 1  26.66666667 20081216   2 2 2 2 2 2 2 2 2 2 2 1 2 1 2
  840   29   178 99999 2 2 2 1 180  6 30 3  35  18  25   2  20   0 1 1 1 1 1 2 2 1 2 2 2 2 2 1 1 1 2 2 2 5 5 5 5 5 1 2 1 1 1 2 2 2 1 1 2 1 1 1 2 1 2 1 1 1 1 1 1 1 1 1 1 1 1 1 1 1 2 2 3 2 3 1 3 3 1 3 2 4 2 3 1 2 2 2 2 2 2  60 3 1  115 998 1  42 998  564.1542725 11847.239722   1.12840467  499.9574070 0 10 1 2 2 1  32.50000000 20081216  20 2 2 2 2 2 2 2 2 2 2 1 2 2 2
  840   30   460    53 1 1 4 2 174 99 99 3  90   5   1   1   3   0 1 2 1 1 2 2 2 1 1 1 1 1 1 2 2 2 2 1 2 1 5 1 5 1 1 2 1 2 1 2 2 1 1 2 2 2 2 2 2 2 2 2 1 2 1 1 2 2 2 2 2 2 2 2 2 1 1 1 1 1 1 1 1 1 1 1 1 1 1 1 1 1 1 2 2 1 1  34 1 1  156 998 1  42 998  338.4925633 18278.598416   1.12840467  299.9744440 1 10 2 1 1 1 999.00000000 20081216   0 1 2 2 2 2 2 2 2 2 2 1 2 1 2
  840   31   219    24 3 4 1 3 180  5 55 3  30  30  20   0  20   0 1 1 1 1 2 2 2 2 2 2 2 2 3 1 2 2 1 2 2 4 4 4 4 5 1 1 1 1 1 2 4 4 1 2 4 2 2 1 2 2 2 2 1 2 2 1 1 1 1 1 1 1 1 1 1 1 9 9 9 9 9 9 9 9 9 9 9 9 9 9 9 9 9 9 9 2 1  24 2 1  218 998 1  42 998  461.5807692 10962.543269   1.12840467  409.0560610 1 11 2 9 9 2  29.58333333 20081216  65 2 2 2 2 2 2 2 2 2 2 1 2 4 2
  840   35   425    53 1 4 9 1 172  6  0 3  60   8  20   0   2  10 1 1 1 1 1 2 1 2 1 2 3 3 2 1 1 1 2 2 2 5 5 5 5 4 1 2 1 2 1 2 4 3 1 2 3 1 3 3 2 4 2 1 1 2 2 1 1 2 1 2 2 1 2 1 1 1 3 3 4 4 4 2 1 2 4 3 2 3 1 1 1 1 3 1 2 2 2  54 1 1   13 998 1  42 998  238.0025836 10214.277547   1.12840467  210.9195310 0 11 2 2 2 1  30.00000000 20081216  67 2 1 2 2 2 2 2 2 2 2 2 2 4 1
  840   38 99999 99999 9 4 1 3 180  5  5 3  10  18  40   2   2  28 1 1 1 1 1 2 2 9 1 3 3 2 3 9 9 9 9 9 9 5 5 5 5 5 1 2 2 2 2 2 5 9 1 5 5 2 5 2 2 5 2 1 1 2 9 1 3 2 1 2 2 1 2 1 1 1 1 2 9 1 1 2 1 1 1 1 1 4 4 4 4 2 4 3 2 2 2 110 1 9  183 998 1  42 998  185.7581143  7801.840801   1.12840467  164.6201220 1 12 2 1 2 2  25.41666667 20081216  64 5 1 2 2 2 2 2 2 2 2 2 2 4 1
  840   39   531    77 1 4 1 2 177  5  0 3  60  10  20   0  10   0 1 1 1 1 2 2 2 2 1 3 4 3 2 2 2 2 2 2 2 5 5 5 3 5 1 2 1 2 3 2 2 2 1 2 3 2 3 2 1 2 1 2 1 2 1 1 2 2 1 2 2 1 2 1 2 1 1 1 2 2 3 1 2 2 1 1 1 2 3 4 3 2 2 2 3 1 2  47 1 1   79 998 1  42 998  175.0823601  9148.053316   1.12840467  155.1591950 1 13 2 1 2 2  25.00000000 20081216 100 4 1 2 2 2 2 2 2 2 2 2 2 5 1
  840   47   558    91 1 4 1 4 186  5 30 3  40  15  30   5   2   8 1 1 1 1 1 2 2 2 2 1 3 3 2 2 2 2 2 2 2 2 2 3 3 3 1 1 1 1 2 2 5 4 1 5 4 2 3 2 2 4 2 2 2 2 2 9 3 2 1 2 1 1 3 1 1 1 1 1 3 3 2 1 3 3 3 3 3 4 3 3 1 3 3 4 4 2 2 120 2 2  215 998 1  42 998  111.1836890 10290.668107   1.12840467   98.5317520 1 15 2 2 2 2  27.50000000 20081216  89 7 1 2 2 2 2 2 2 2 2 2 2 5 1
  840   50   879   124 2 4 3 4 175  5 30 3  20  35  25  10  10   0 1 1 1 1 1 2 3 2 2 1 3 2 1 2 2 2 2 2 2 1 1 1 1 1 1 2 2 2 1 2 5 5 1 2 4 1 3 2 1 1 1 1 1 3 2 1 2 2 2 2 2 2 1 1 1 1 1 1 1 1 1 1 1 3 1 2 2 2 1 3 1 2 2 1 1 2 2 999 1 1   33 998 1  42 998   90.6676514  5077.388481   1.12840467   80.3502980 1 17 2 1 1 1  27.50000000 20081216  66 6 1 2 2 2 2 2 2 2 2 2 2 4 1
  840   51   896   152 1 4 2 4 180  5 25 3  30  30  30   0  10   0 1 1 1 1 1 2 2 2 2 3 3 3 3 2 2 1 2 2 2 5 5 5 5 5 1 1 1 2 1 2 5 4 2 2 5 2 2 2 2 3 2 3 2 2 2 1 1 3 1 1 1 1 2 1 2 1 1 1 1 1 1 1 4 4 3 2 2 3 4 4 3 2 2 2 4 2 2  20 2 2   68 998 1  42 998   80.1692915  4466.097613   1.12840467   71.0465790 0 17 2 2 2 2  27.08333333 20081216  56 4 1 1 1 2 2 2 2 2 2 2 2 4 1
  840   52  1128   195 1 4 1 4 180  5 10 2  70  15  10   2   3   1 1 1 1 1 1 4 4 4 5 4 4 4 3 2 2 1 2 2 2 5 2 2 2 2 1 1 1 2 1 2 4 9 1 5 2 2 2 2 2 3 3 1 1 2 2 1 2 2 2 2 2 2 2 2 2 2 1 1 1 1 1 1 1 1 1 1 1 3 1 1 1 1 1 1 1 2 2 999 1 1   23 998 1  42 998   63.7329096  8285.278244   1.12840467   56.4805440 0 18 2 1 1 3  31.00000000 20081216 100 7 1 2 2 2 2 2 2 2 2 2 2 5 1
  840   53   648   108 2 1 1 3 180  5 20 3  40  20  23   2  15   0 1 1 1 1 1 2 2 2 1 2 3 2 2 2 2 1 2 2 2 3 3 2 4 4 1 2 1 2 1 2 4 3 1 2 2 2 2 1 2 3 2 1 1 2 2 1 1 1 1 1 1 1 2 1 1 1 1 2 1 1 1 2 3 3 2 2 2 3 3 3 2 2 2 1 3 2 2  40 2 1  184 998 1  42 998  116.2760710 10464.846388   1.12840467  103.0446560 1 18 2 2 2 1  26.66666667 20081216   7 4 1 2 2 2 2 2 2 2 2 2 2 1 1
  840   55   380    60 2 1 4 1 180  5  0 3  35  15  50   0   0   0 1 1 1 1 1 2 1 2 1 1 1 1 1 2 1 2 2 1 2 4 4 1 4 5 1 1 1 2 2 2 2 2 1 1 3 1 4 1 1 3 2 1 1 1 1 1 1 2 1 2 1 1 2 2 1 1 1 1 2 1 2 1 2 2 1 1 1 2 2 2 1 1 1 1 2 2 2  24 1 1  203 998 1  42 998  234.3410053 14329.263233   1.12840467  207.6746150 0 19 1 1 1 1  25.00000000 20081216   2 1 1 2 2 2 2 2 2 2 2 2 2 1 1
  840   56   710    89 2 1 1 1 180  5 30 3  60  10  10   5  10   5 1 1 1 1 1 3 2 2 1 2 2 2 2 2 2 2 2 2 2 5 4 3 5 3 1 2 2 2 3 2 2 2 1 2 2 2 2 2 2 3 2 1 1 2 2 1 1 1 1 1 1 1 2 1 1 1 3 4 3 2 3 3 4 4 2 2 2 4 4 4 2 2 2 3 4 2 2  35 1 1  121 998 1  42 998  162.0443122 14293.523667   1.12840467  143.6047870 1 19 2 2 3 1  27.50000000 20081216  25 2 1 2 2 2 2 2 2 2 2 2 2 3 1
  840   57   803   138 2 1 4 3 180  5 22 3  60  10  10   5   5  10 1 1 1 1 1 2 2 1 1 1 2 2 1 2 1 1 2 2 2 2 5 4 4 5 1 2 2 2 2 2 2 2 1 2 2 2 1 1 2 2 1 1 1 2 2 1 2 2 2 2 1 2 2 1 1 1 1 1 2 1 2 1 2 2 1 1 1 1 2 2 1 1 1 1 1 1 2  50 1 1   34 998 1  42 998  115.3951920 16572.847669   1.12840467  102.2640150 0 20 2 1 1 1  26.83333333 20081216   7 4 1 1 1 2 2 2 2 2 2 2 2 1 1
  840   60   728    81 2 4 1 3 180  5  5 3  40  20  20   5   5  10 1 1 1 1 1 3 3 4 4 4 4 4 3 2 9 1 9 9 9 5 5 5 5 5 1 2 2 2 2 2 5 5 2 4 3 1 4 1 1 2 1 2 1 2 3 1 2 3 1 2 1 1 2 2 2 1 1 1 1 1 2 2 2 2 1 2 2 3 3 4 1 2 2 3 3 2 1  80 3 1   20 998 1  42 998  119.9383095  9878.435488   1.12840467  106.2901570 1 21 2 1 2 3  25.41666667 20081216  67 5 1 2 2 2 2 2 2 2 2 2 2 4 1
  840   61  1107   125 2 4 1 1 180  5  0 3  30  25  30   5  10   0 1 1 1 1 1 1 1 1 1 2 2 2 1 2 2 2 2 2 2 5 5 5 5 5 1 2 1 2 2 2 4 3 1 4 4 2 2 2 2 2 2 2 1 2 2 1 2 2 2 2 2 2 2 2 2 1 1 2 2 3 2 1 4 4 4 4 4 4 4 4 4 3 3 1 1 2 2  32 1 1   83 998 1  42 998  130.1894472 16333.768342   1.12840467  115.3747860 0 22 2 2 2 1  25.00000000 20081216  53 3 2 2 1 2 2 2 2 2 2 2 2 4 1
  840   62   620    84 3 4 1 3 180  6 30 3  30  30  30   0  10   0 1 1 1 1 1 2 2 2 1 3 3 3 2 2 2 2 2 2 2 4 4 5 5 5 1 2 2 2 2 2 4 4 2 2 2 2 2 2 2 2 2 1 1 3 3 1 1 1 1 1 1 1 1 1 1 1 1 1 1 1 1 1 1 3 1 1 2 4 1 3 1 4 4 3 3 2 2  37 1 1  112 998 1  42 998  143.6996739 10429.280175   1.12840467  127.3476420 1 22 3 1 2 2  32.50000000 20081216  70 4 1 2 2 2 2 2 2 2 2 2 2 4 1
  840   63   546    59 3 4 1 4 180  5 15 3  25  25  25   0   5  20 1 1 1 1 1 3 2 3 2 4 5 4 3 1 2 1 2 2 2 5 5 2 2 5 1 1 1 2 3 2 4 4 2 2 5 2 4 2 2 3 3 2 1 2 2 1 2 2 1 2 1 1 2 2 1 1 1 2 3 1 4 1 3 2 1 1 1 4 2 2 1 2 2 2 3 2 2  44 1 2  104 998 1  42 998  153.8602560  8988.003290   1.12840467  136.3520200 1 23 2 2 2 3  26.25000000 20081216  89 5 1 2 2 2 2 2 2 2 2 2 2 5 1
  840   64   603   103 9 3 1 4 180 99 99 3  30  25  30   5  10   0 1 1 1 1 1 1 1 2 1 2 2 2 2 2 2 1 2 2 2 4 4 3 5 4 1 2 1 2 2 2 5 5 1 4 4 1 2 2 2 2 2 1 1 2 2 1 2 2 1 1 1 1 1 1 1 1 1 2 1 1 2 1 1 1 1 1 1 2 1 1 1 1 1 1 1 2 2  37 1 1  240 998 1  42 998  165.5670144 19771.460969   1.12840467  146.7266300 0 23 2 1 1 1 999.00000000 20081216  32 5 1 2 2 2 2 2 2 2 2 2 2 3 1
  840   65   726    81 4 4 1 3 177  7  5 3  25  40  20   0  10   5 1 1 1 1 1 1 1 1 1 1 2 2 2 2 2 1 2 2 2 5 5 5 5 5 1 2 1 2 2 2 4 4 1 2 2 2 2 2 2 2 2 1 1 2 2 1 2 2 1 1 1 1 2 2 1 1 1 1 1 2 1 1 2 2 2 2 2 2 2 2 2 2 2 2 2 1 1  60 2 1  176 998 1  42 998  177.1182019 13843.871220   1.12840467  156.9633720 1 24 2 2 2 1  35.41666667 20081216  94 5 1 2 2 2 2 2 2 2 2 2 2 5 1
  840   66   461    74 3 4 1 3 180  5  0 3  25  30  30   5   2   8 1 1 1 1 1 3 2 2 2 3 3 3 3 2 9 1 2 2 2 5 5 5 5 4 1 2 2 2 1 2 4 3 2 2 3 3 5 4 2 5 3 3 1 9 9 9 9 9 9 9 9 9 9 9 9 9 1 1 1 1 1 1 1 2 1 1 2 1 2 2 1 2 2 3 1 2 2  50 2 1   61 998 1  42 998  188.0514242 13754.618453   1.12840467  166.6524690 0 24 9 1 1 2  25.00000000 20081216  66 4 2 1 2 2 2 2 2 2 2 2 2 4 1
  840   67   405    77 1 3 3 2 180  5  0 3  35  10  15   5   5  30 1 1 1 1 1 2 2 2 2 3 2 3 2 2 1 1 2 1 9 4 5 5 5 5 1 2 2 1 2 2 5 4 2 2 5 3 5 4 3 3 3 2 1 2 2 1 1 2 1 2 2 2 2 2 1 1 1 2 2 3 2 1 2 3 2 1 2 3 3 3 2 2 2 2 2 1 2  20 1 1  118 998 1  42 998  205.8400727 14408.805088   1.12840467  182.4168920 1 25 2 2 2 2  25.00000000 20081216  38 4 1 2 2 2 2 2 2 2 2 2 2 3 1
  840   68   350    52 4 4 1 4 190  6 30 3  15  35  40   5   5   0 1 1 1 1 1 2 1 3 3 3 3 2 2 2 2 1 2 1 2 2 2 3 2 4 1 2 1 1 1 2 4 3 1 2 4 1 2 1 1 2 2 2 1 3 2 1 2 2 1 1 1 1 2 1 1 1 2 1 2 1 1 1 3 3 1 3 3 3 3 3 1 2 3 1 4 2 2 999 9 1  196 998 1  42 998  227.3457516 11759.263016   1.12840467  201.4753730 0 25 2 2 2 2  32.50000000 20081216  65 6 1 2 2 2 2 2 2 2 2 2 2 4 1
  840   70   464 99999 4 4 1 1 180  6  0 3  35  25  25   5   5   5 1 1 1 1 1 2 2 3 2 4 4 4 3 1 1 1 2 2 2 3 4 2 3 3 1 2 1 2 1 2 5 5 1 2 2 2 3 1 3 3 2 1 1 3 2 1 1 1 1 2 1 2 2 1 1 1 1 1 1 2 1 1 2 2 3 2 2 2 2 2 3 2 2 3 2 2 2  32 2 2  133 998 1  42 998  317.3367789 22848.248082   1.12840467  281.2260420 1 26 2 2 2 2  30.00000000 20081216  73 3 1 2 2 2 2 2 2 2 2 2 2 4 1
  840   71   360    60 3 1 4 1 180  6 20 3  10  70  10   0  10 999 1 1 1 1 1 1 1 2 2 2 3 1 2 1 1 1 2 1 2 2 5 5 3 2 1 2 2 2 1 2 4 3 1 1 2 2 2 1 1 2 1 1 1 1 2 1 1 1 1 1 1 1 1 1 1 1 1 1 1 1 4 1 4 4 3 3 3 3 3 3 3 2 2 1 1 2 1  30 1 1  200 998 1  42 998  507.7388460 30464.330762   1.12840467  449.9616670 1 27 2 2 2 1  31.66666667 20081216   0 2 2 2 2 2 2 2 1 2 2 2 2 1 1
  840   74   637    81 3 4 1 4 205  6 30 3  20  15  60   2   3   0 1 1 1 1 1 1 2 1 1 2 1 3 2 2 1 1 2 2 2 4 5 5 4 5 1 1 1 2 1 2 5 4 2 4 4 2 5 3 3 5 3 2 1 2 2 1 2 2 2 2 2 2 3 2 2 1 1 2 4 3 4 4 3 4 4 4 4 3 4 4 4 4 3 4 3 2 2 120 1 1   69 998 1  42 998  214.5375405 10941.414568   1.12840467  190.1246480 0 28 2 2 2 1  32.50000000 20081216  99 7 1 2 2 2 2 2 2 2 2 2 2 5 1
  840   75 99999 99999 2 4 1 3 180  9 58 3  60  20  10   0  10   0 1 1 1 1 1 2 2 1 1 3 4 3 3 2 2 2 2 2 2 5 2 5 4 1 1 2 1 2 1 2 3 2 1 2 3 2 2 2 2 4 3 2 1 2 2 1 2 2 2 2 2 1 3 2 1 1 1 2 1 1 1 1 1 2 1 1 1 2 1 1 1 1 1 1 1 2 2  10 1 1  138 998 1  42 998  197.8203292  9130.255993   1.12840467  175.3097400 1 29 2 1 1 2  49.83333333 20081216  72 6 1 2 2 2 2 2 2 2 2 2 2 4 1
  840   76   621    88 5 2 4 1 180  6 30 3  40  20  30   3   5   2 1 1 1 1 1 1 1 1 1 1 2 2 2 2 2 2 2 2 2 5 4 2 2 4 1 2 1 2 2 2 3 2 1 3 3 2 2 2 2 2 2 2 1 2 2 1 2 2 2 2 1 1 2 1 2 1 1 1 1 1 1 1 2 1 1 1 1 1 2 1 1 1 1 1 2 1 2 150 2 1   78 998 1  42 998  188.0514242 15219.106231   1.12840467  166.6524690 0 29 2 1 1 1  32.50000000 20081216  14 3 1 2 2 2 2 2 2 2 2 2 2 2 1
  840   77   547    84 2 1 2 1 176  6  0 3  20  40  20   0  10  10 1 1 1 1 1 2 2 2 2 3 3 2 3 2 1 1 2 1 1 5 5 5 5 5 1 2 1 1 2 2 4 4 1 2 2 2 2 1 2 2 2 1 1 1 1 1 1 1 1 1 1 1 1 1 1 1 1 1 1 1 1 1 1 1 1 1 1 1 1 1 1 1 1 2 2 1 2  44 1 1  204 998 1  42 998  177.1182019 13078.569042   1.12840467  156.9633720 1 30 1 1 1 2  30.00000000 20081216   6 2 1 2 2 2 2 2 2 2 2 2 2 1 1
  840   78   590   117 2 4 1 4 181  5 20 3  60  10  15  10  10   0 1 1 1 1 1 3 2 3 3 3 4 3 3 2 2 2 2 2 2 4 4 1 5 3 1 2 2 2 3 2 4 4 1 2 2 2 2 2 2 2 2 1 1 3 3 1 1 2 1 2 2 2 2 2 1 1 1 2 1 1 2 1 3 2 2 2 2 3 3 3 2 2 2 1 3 2 2 166 2 1  106 998 1  42 998  167.3864326 18572.616353   1.12840467  148.3390110 0 30 3 2 2 2  26.66666667 20081216  48 6 1 2 2 2 2 2 2 2 2 2 2 3 1
  840   79   753    87 2 4 1 3 180  5 20 3  30  30  30   5   5   0 1 1 1 1 1 3 2 2 2 3 3 3 2 1 2 1 2 2 2 2 4 3 3 1 1 2 1 2 1 2 4 4 1 1 2 2 2 2 1 2 2 1 1 2 2 1 1 1 1 2 1 1 2 2 1 1 1 2 1 2 1 1 3 2 2 3 2 2 3 3 3 2 2 1 2 1 2  35 2 1    8 998 1  42 998  158.6683895 11158.417452   1.12840467  140.6130210 1 31 2 2 2 2  26.66666667 20081216  92 5 1 2 2 2 2 2 2 2 2 2 2 5 1
  840   80   492    71 3 4 1 3 180  5 30 3  35  32  20   3  10   0 1 1 1 1 1 2 2 3 3 4 4 2 2 1 2 1 2 1 2 5 3 2 2 2 1 2 2 2 1 2 5 3 1 1 4 3 3 3 2 4 3 1 1 3 3 1 1 3 2 2 2 2 3 2 1 1 4 4 3 3 4 1 4 4 3 3 3 3 4 3 3 3 3 2 3 2 2  45 1 1  188 998 1  42 998  152.3216537 12950.802420   1.12840467  134.9885000 0 31 3 3 3 2  27.50000000 20081216  85 5 1 2 2 2 2 2 2 2 2 2 2 5 1
  840   82   992 99999 9 1 4 2 999  6 30 3  25  30  30  10   5   0 1 1 1 1 1 1 1 1 1 1 1 1 1 2 1 1 2 2 2 5 4 4 4 4 1 2 1 2 2 2 2 2 1 2 2 2 2 1 1 2 2 1 1 1 1 1 2 2 2 2 1 1 2 2 1 1 1 1 1 1 1 1 4 4 4 3 3 1 4 4 4 3 3 1 4 2 2 130 2 2   85 998 1  42 998  139.7446369 19119.607143   1.12840467  123.8426610 0 32 1 2 2 1  32.50000000 20081216  10 2 1 2 2 2 2 2 2 2 2 2 2 2 1
  840   85   720   111 2 4 1 3 180  5 35 3  30  25  25   0   0  20 1 1 1 1 1 3 2 2 2 3 4 3 3 2 1 1 2 2 2 2 1 2 1 2 1 2 1 2 2 2 9 9 9 9 9 9 9 9 9 9 9 9 9 9 9 9 9 9 9 9 9 9 9 9 9 9 9 9 9 9 9 9 9 9 9 9 9 9 9 9 9 9 9 9 9 2 2  42 1 2  233 998 1  42 998  123.8387429 10873.491948   1.12840467  109.7467480 1 33 9 9 9 2  27.91666667 20081216 100 6 1 2 2 2 2 2 2 2 2 2 2 5 1
  840   89  1029   163 1 4 1 4 180  7 11 3  60  20  20   0   0   0 1 1 1 1 2 2 2 3 3 3 3 2 2 2 2 2 2 2 2 3 3 5 5 2 1 1 1 2 1 2 2 3 1 2 3 2 3 3 2 3 1 1 1 1 1 1 1 2 2 2 2 2 2 2 1 1 2 2 1 2 2 1 1 1 1 2 2 4 2 2 2 2 2 1 4 2 2  75 1 1  144 998 1  42 998  102.9200363 19391.850181   1.12840467   91.2084460 0 35 1 1 2 2  35.91666667 20081216  68 5 1 2 2 2 2 2 2 2 2 2 2 4 1
  840   91   963   180 2 4 1 2 170  5 35 3  55  25  15   3   2   0 1 1 1 1 1 2 1 2 3 3 5 3 2 2 2 1 2 2 2 2 1 2 5 1 1 2 2 1 2 2 5 5 1 2 3 2 4 2 2 3 2 2 1 2 2 1 1 1 1 1 1 1 2 2 2 1 4 1 1 1 1 2 4 4 4 4 4 3 4 4 4 4 4 1 4 2 2   2 1 2  143 998 1  42 998   90.1311560 15996.477559   1.12840467   79.8748520 1 35 2 2 2 2  27.91666667 20081216  65 4 1 2 2 2 2 2 2 2 2 2 2 4 1
  840   93  1200   200 3 4 1 2 180  7 19 3  70  10  15   5   0   0 1 1 1 1 1 3 3 3 3 3 3 3 2 2 1 1 2 2 2 5 5 5 5 1 1 2 1 1 2 2 5 5 2 2 4 2 5 3 2 3 3 2 1 2 3 1 2 2 1 2 2 2 2 2 2 1 1 1 2 2 3 2 3 3 2 3 3 1 2 2 2 3 3 1 1 2 2 999 1 1   32 998 1  42 998   60.4451006  9860.107033   1.12840467   53.5668650 0 36 2 2 2 2  36.58333333 20081216  85 7 1 1 1 2 2 2 2 2 2 2 2 5 1
  840   95   746   116 4 9 4 1 178  5 45 3  18  40  40   1   1   0 1 1 1 1 1 2 1 2 1 3 2 3 2 2 2 2 2 2 2 4 5 3 3 5 1 1 1 1 2 2 3 2 1 2 3 2 2 2 1 4 2 1 1 2 1 1 1 2 1 1 1 1 3 1 1 1 2 3 2 3 3 3 4 4 4 3 4 4 4 4 4 3 4 1 4 2 2  70 1 1  130 998 1  42 998  124.8538140 13959.350034   1.12840467  110.6463110 0 37 2 2 2 1  28.75000000 20081216   8 2 1 2 2 2 2 2 2 2 2 2 2 1 1
  840   97   525    82 4 1 4 1 180  5  0 3  50  30  10  10   0   0 1 1 1 1 1 2 2 2 1 1 1 3 2 2 1 1 2 1 1 5 2 2 2 5 1 2 1 2 2 2 2 2 1 2 2 2 2 2 2 2 2 1 1 2 1 1 1 1 1 1 1 1 1 1 1 1 2 1 2 1 2 1 1 1 1 1 1 1 1 1 1 1 1 2 3 2 2  36 1 1  248 998 1  42 998  169.2462816  8616.174338   1.12840467  149.9872220 0 38 2 1 1 1  25.00000000 20081216   1 2 1 2 2 2 2 2 2 2 2 2 2 1 1
  840   98   418    78 4 1 4 1 174  5 45 3  45   5  20  10   5  15 1 1 1 1 1 1 1 1 1 1 1 2 1 2 1 1 2 2 2 5 5 5 5 5 1 2 1 2 2 2 3 3 1 1 3 2 2 1 2 2 2 1 1 2 2 1 1 2 1 1 1 1 2 2 1 1 1 1 1 1 1 1 1 1 1 1 1 3 2 1 1 1 1 1 1 2 1 100 1 1   38 998 1  42 998  200.4232281 15332.376952   1.12840467  177.6164470 1 38 2 1 1 1  28.75000000 20081216   3 1 1 2 2 2 2 2 2 2 2 2 2 1 1
  840   99   344    58 5 1 4 1 180  5 30 3  50  20  20   5   5   0 1 1 1 1 1 2 2 2 2 2 2 2 2 2 1 1 2 2 2 5 4 5 5 5 1 2 2 2 1 2 4 3 1 1 2 1 2 1 1 2 2 1 1 2 2 1 1 2 1 2 1 1 2 1 1 1 1 1 2 1 1 1 2 2 2 3 2 3 3 3 3 2 3 1 2 2 1 999 1 1  213 998 1  42 998  276.9484609 14539.794195   1.12840467  245.4336360 0 39 2 2 2 1  27.50000000 20081216  10 3 1 2 2 2 2 2 2 2 2 2 2 2 1
  840  100   528    43 5 2 2 1 180  5 40 3  50  20  13   2  15   0 1 1 1 1 1 2 2 2 1 3 2 2 3 2 1 1 2 2 2 5 5 5 5 5 1 1 1 1 1 2 5 5 1 2 5 4 4 2 2 4 3 2 1 2 2 1 1 2 2 2 1 1 2 2 1 1 2 3 1 1 1 1 2 2 2 2 2 3 3 3 2 2 3 2 2 2 2  35 1 1   59 998 1  42 998  230.7903840  8760.983990   1.12840467  204.5280300 1 39 2 2 2 2  28.33333333 20081216  15 3 2 1 2 2 2 2 2 2 2 2 2 2 1
  840  102   638    93 1 1 4 1 180  6 20 3  35  50  10   0  15 999 1 1 1 1 1 2 2 2 2 1 1 1 2 2 2 1 2 2 2 4 5 4 4 4 1 2 1 2 1 2 5 5 1 2 2 2 2 2 2 2 2 1 1 3 2 1 1 1 1 1 1 1 1 1 1 1 1 1 1 1 1 1 1 1 1 1 1 3 1 1 1 1 1 2 4 2 2  65 1 1   21 998 1  42 998  106.5186384  9809.859369   1.12840467   94.3975520 1 40 2 1 1 1  31.66666667 20081216   9 2 1 2 2 2 2 2 2 2 2 2 2 1 1
  840  103   425   123 5 4 1 1 175  6 40 3  30  40  20   0  10 999 1 1 1 1 2 2 2 1 2 4 4 3 3 2 1 1 2 2 2 5 5 5 5 4 1 1 1 1 3 2 4 5 2 2 4 2 4 3 2 4 2 2 2 3 3 1 2 2 1 2 2 1 2 1 1 1 2 2 4 2 4 2 1 1 2 2 2 3 2 1 2 2 1 1 1 2 1  84 3 1   47 998 1  42 998  102.2292981 11262.916323   1.12840467   90.5963090 0 41 3 2 2 2  33.33333333 20081216  71 2 1 2 2 2 2 2 2 2 2 2 2 4 1
  840  104   704    85 5 3 4 1 180  6 30 3  30  30  30   5   5   0 1 1 1 1 1 2 2 2 2 3 2 2 1 2 2 1 2 2 2 5 5 5 5 5 1 1 2 2 1 2 3 4 2 2 4 2 2 2 2 2 2 2 2 2 2 1 1 2 1 2 1 1 2 2 2 2 2 2 3 3 1 1 3 3 2 2 2 3 3 3 2 2 2 2 3 2 2  24 1 1    9 998 1  42 998  131.3117709 10475.098090   1.12840467  116.3693970 1 41 2 2 2 1  32.50000000 20081216  40 2 1 2 2 2 2 2 2 2 2 2 2 3 1
  840  105   540    67 9 4 3 2 180  5 30 3 999 999 999 999 999 999 1 1 1 1 1 2 2 2 2 3 4 2 2 1 2 1 2 2 2 5 5 5 5 5 1 2 2 2 1 2 9 9 1 1 2 2 2 2 2 2 2 1 1 9 9 9 9 2 1 1 1 1 1 1 1 1 9 9 9 9 9 9 9 9 9 9 9 9 9 9 9 9 9 9 9 9 9 999 9 9  157 998 1  42 998  155.4302585  8714.729177   1.12840467  137.7433670 0 42 9 9 9 2  27.50000000 20081216  52 3 1 2 2 2 2 2 2 2 2 2 2 4 1
  840  106   725    80 4 4 1 4 180  5 30 4  35  30  20   5  10   0 1 2 1 1 1 2 2 3 4 5 5 4 3 2 2 1 2 2 2 5 5 5 5 3 1 2 2 2 1 2 3 3 1 1 2 1 4 2 1 3 2 1 1 2 2 9 9 1 9 3 1 9 3 2 9 9 1 1 3 2 3 2 4 4 2 2 1 1 4 4 2 2 1 1 4 2 2  45 1 2   64 998 1  42 998  185.7581143 14802.379758   1.12840467  164.6201220 1 42 2 2 2 3  27.50000000 20081216  71 6 1 2 2 2 2 2 2 2 2 2 2 4 1
  840  107   624    72 1 4 1 4 215  7 25 3  80  10   5   0   5 999 1 2 1 1 1 2 2 2 2 5 5 4 4 2 1 1 2 2 2 4 5 4 4 5 1 1 1 1 2 1 4 3 2 2 3 2 4 3 2 3 2 2 1 3 3 1 2 2 1 2 2 1 2 1 1 1 3 3 3 2 4 2 2 2 2 2 2 3 2 2 2 2 2 2 3 2 2  60 1 1  175 998 1  42 998  227.3457516 16027.875490   1.12840467  201.4753730 0 43 3 2 2 3  37.08333333 20081216  90 7 1 2 2 2 2 2 2 2 2 2 2 5 1
  840  108   340    50 4 4 1 4 175  6 30 3   5   5  10   2  10  68 1 1 1 1 1 2 1 1 1 4 4 1 2 2 1 1 2 1 2 5 5 4 5 5 1 2 2 2 2 2 5 5 2 2 2 2 2 2 2 2 2 2 2 3 2 1 1 1 1 1 1 1 1 1 1 1 1 2 3 4 3 1 1 1 1 1 1 1 1 1 1 1 1 1 2 2 2  42 1 1  238 998 1  42 998  338.4925633 16344.355198   1.12840467  299.9744440 1 43 2 2 2 1  32.50000000 20081216  93 5 1 2 2 2 2 2 2 2 2 2 2 5 1
  840  109   392    61 4 2 1 1 175  6 40 3  30  30  30   0  10 999 1 1 1 1 1 2 2 2 2 3 2 2 2 2 1 1 2 2 2 5 4 5 4 4 1 2 2 2 1 2 3 4 1 2 3 2 2 2 2 3 2 1 1 2 2 1 1 1 1 1 1 1 1 1 1 1 1 1 1 3 2 1 3 2 1 1 2 4 3 3 1 2 3 1 1 2 2  57 1 1  167 998 1  42 998  331.1340299 19751.170961   1.12840467  293.4532610 1 44 2 1 2 2  33.33333333 20081216  28 1 1 2 2 2 2 2 2 2 2 2 2 3 1
  840  110   414    63 5 4 2 1 180  6  0 3  15  40  20  20   5   0 1 1 1 1 1 2 1 2 1 4 4 3 3 2 2 2 2 2 2 5 5 5 5 4 1 2 1 1 1 2 3 3 1 1 4 9 2 2 2 2 1 1 1 2 2 1 1 2 1 1 1 1 1 1 1 1 3 1 1 1 1 1 2 2 2 2 2 3 2 2 2 3 2 1 2 2 1  50 1 1  116 998 1  42 998   81.0221567  4942.351556   1.12840467   71.8023940 0 44 2 2 2 2  30.00000000 20081216  60 2 1 2 2 2 2 2 2 2 2 2 2 4 1
  840  111   600    89 5 4 2 2 179  5 45 3  50  30  15   0   5 999 1 1 1 1 1 2 2 2 2 2 2 2 2 2 9 1 2 2 2 2 2 2 2 4 1 1 1 1 1 2 2 2 1 2 2 2 2 2 2 2 1 1 1 1 1 1 2 2 2 2 2 2 2 2 1 1 1 1 1 1 1 1 1 1 1 1 1 4 1 2 1 1 2 2 1 2 2  85 1 1   76 998 1  42 998  118.0788012 10036.698106   1.12840467  104.6422480 0 45 1 1 1 1  28.75000000 20081216  86 4 1 2 2 2 2 2 2 2 2 2 2 5 1
  840  113   380    63 4 4 2 1 175  6 15 3  10  60  20   0  10 999 1 1 1 1 1 2 2 2 2 3 3 3 3 2 2 1 2 2 2 5 5 5 5 5 1 2 1 2 1 2 5 5 2 2 4 3 4 2 3 3 2 2 1 2 2 1 1 2 2 2 1 2 2 1 1 1 2 4 3 3 4 3 4 3 3 3 3 3 3 4 4 4 4 2 3 2 2  25 1 9  109 998 1  42 998  230.7903840 11077.938434   1.12840467  204.5280300 1 46 2 3 3 2  31.25000000 20081216  74 2 1 2 2 2 2 2 2 2 2 2 2 4 1
  840  115   195    19 6 4 1 4 180  4 45 3  40  30  20   5   5   0 1 1 1 1 1 3 3 3 3 4 4 3 3 2 2 2 2 2 2 5 5 5 5 5 1 2 1 2 1 2 2 3 2 2 4 2 2 2 2 3 2 2 1 1 2 1 1 3 1 1 1 1 2 1 1 1 2 2 2 4 3 2 3 3 3 3 3 4 3 3 4 4 4 3 4 2 2   2 3 2  142 998 1  42 998  461.5807692  8770.034615   1.12840467  409.0560610 0 46 2 2 2 3  23.75000000 20081216 100 8 2 2 2 2 2 2 2 2 2 2 1 5 1
  840  116   485    70 6 4 1 1 181  5 30 3  20  20  25   0  10  25 1 1 2 1 2 2 2 2 2 3 4 2 3 2 1 1 2 2 2 1 1 5 5 5 1 2 1 2 1 2 2 3 1 2 3 2 2 2 2 2 2 1 1 1 1 1 1 1 1 1 1 1 1 1 1 1 1 1 1 1 3 2 1 1 3 3 3 4 3 2 3 3 3 1 3 2 2  50 1 1   19 998 1  42 998  249.7076291 16837.428703   1.12840467  221.2926230 1 47 1 2 2 2  27.50000000 20081216  64 2 1 2 2 2 2 2 2 2 2 2 2 4 1
  840  119   296    43 6 4 1 1 177  6 45 3  20  25  30   5  10  10 1 1 1 1 1 2 2 3 3 3 2 3 3 2 1 1 2 2 1 4 4 4 4 3 1 2 1 2 1 1 4 4 2 2 2 2 2 2 2 2 2 2 1 1 1 1 1 1 1 1 1 1 1 1 1 1 2 3 1 1 1 1 1 1 2 2 2 1 1 2 2 2 2 1 1 1 9  55 2 1   62 998 1  42 998  461.5807692 19685.062217   1.12840467  409.0560610 1 48 1 1 1 2  33.75000000 20081216  60 2 1 2 2 2 2 2 2 2 2 2 2 4 1
  840  121   690   116 4 4 1 1 180  6  0 3  30  30  30   1  10   1 1 1 1 1 1 3 2 3 2 3 4 2 3 2 1 1 2 2 2 2 3 3 3 3 1 1 1 1 1 2 5 5 1 2 3 2 4 2 1 4 2 1 1 2 2 1 2 2 2 2 2 1 2 2 1 1 2 1 1 1 1 1 2 1 1 1 1 1 2 2 1 1 1 1 1 1 1  60 1 1  135 998 1  42 998   63.2040060  7022.667332   1.12840467   56.0118260 1 49 2 1 1 2  30.00000000 20081216  67 3 1 2 2 2 2 2 2 2 2 2 2 4 1
  840  122   740    62 4 2 4 2 180  5  7 3  25  25  25   3  10  12 1 1 1 1 1 9 9 9 9 9 9 9 9 9 9 9 9 9 9 9 9 9 9 9 9 9 9 9 9 9 5 4 2 2 3 2 2 2 2 2 2 1 1 2 2 1 1 1 1 1 1 9 1 1 1 1 1 2 1 1 1 1 3 3 1 1 2 2 3 3 1 2 2 1 2 2 2 110 2 1  208 998 1  42 998  126.9347118 15739.904262   1.12840467  112.4904170 1 50 2 2 2 9  25.58333333 20081216  23 4 1 2 2 2 2 2 2 2 2 2 2 2 1
  840  124   900   116 2 4 1 3 180  7  0 3  10  30  30   5   5  20 1 1 2 1 1 9 9 9 9 9 9 9 9 9 9 9 9 9 9 9 9 9 9 9 9 9 9 9 9 9 5 5 1 2 3 3 2 2 2 2 1 2 2 3 2 1 1 1 1 1 1 1 1 1 1 1 2 1 1 1 1 1 3 3 2 2 2 3 3 3 3 2 2 2 2 2 2  42 1 1  185 998 1  42 998  214.5375405 11745.930345   1.12840467  190.1246480 1 51 2 2 2 9  35.00000000 20081216  80 5 1 2 2 2 2 2 2 2 2 2 2 5 1
  840  126   593   106 5 3 3 4 174  4 30 3  30  30  20   0   5  15 1 1 1 1 1 2 2 2 2 3 3 2 2 2 2 1 2 2 2 2 3 4 5 5 1 2 2 2 1 2 3 3 2 2 4 2 3 2 2 3 2 9 1 2 2 1 1 2 1 2 1 1 2 1 1 1 1 2 2 2 2 2 1 2 2 2 2 2 1 2 2 1 2 1 2 2 2  35 1 1  147 998 1  42 998  100.2116146  8871.675295   1.12840467   88.8082240 0 51 2 1 1 2  22.50000000 20081216  30 3 1 2 2 2 2 2 2 2 2 2 2 3 1
  840  127   725   116 5 2 1 1 173  5 15 3  50  20  10   3  17   0 1 1 1 1 1 2 1 1 1 2 3 2 2 1 1 1 2 2 2 2 2 2 2 3 1 2 2 2 2 2 4 2 1 1 2 2 3 2 2 2 2 1 1 1 1 1 1 1 1 2 1 1 1 1 1 1 1 1 1 1 1 1 1 1 1 2 1 3 1 2 1 2 1 1 1 2 2  90 2 1  125 998 1  42 998  119.9383095 14992.288682   1.12840467  106.2901570 0 52 1 1 1 1  26.25000000 20081216  22 2 2 2 1 2 2 2 2 2 2 2 2 2 1
  840  128   410    77 6 2 1 1 180  5 30 3  70  10  10   1   1   8 1 1 1 1 1 2 2 2 2 3 4 2 2 1 2 1 1 1 1 3 5 3 4 3 1 2 1 2 1 2 5 5 1 2 2 2 2 1 2 2 2 2 1 2 2 1 1 1 1 1 1 1 1 1 1 1 1 2 2 2 2 2 3 3 3 2 2 3 3 3 3 2 2 2 4 2 1  45 1 1   36 998 1  42 998  157.0326326 13190.741139   1.12840467  139.1634020 1 52 2 2 2 2  27.50000000 20081216  25 1 1 2 2 1 2 2 2 2 2 2 2 3 1
  840  129   486    83 5 2 1 1 181  6 13 3  35  20  20   0  15  10 1 1 1 1 1 2 1 2 1 2 2 2 2 2 1 1 2 2 1 4 4 4 4 5 1 2 1 2 1 2 3 3 1 2 2 2 2 1 2 2 2 1 1 1 2 1 1 2 1 1 1 1 2 1 1 1 1 1 1 2 3 3 3 3 1 2 3 2 3 3 1 2 3 1 2 2 2  48 2 1  141 998 1  42 998  200.4232281 16534.916321   1.12840467  177.6164470 1 53 2 2 2 1  31.08333333 20081216  12 2 1 2 2 2 2 2 2 2 2 2 2 2 1
  840  130   645    72 5 3 1 1 180  6 30 3  30  30  35   0   5   0 1 1 1 1 1 2 1 1 1 3 3 2 2 9 2 1 9 2 1 2 2 2 2 2 1 1 1 1 2 2 4 3 2 2 2 2 1 1 2 2 2 2 2 1 1 1 1 1 1 1 1 1 1 1 1 1 3 3 1 1 1 1 1 1 3 3 2 1 1 1 2 1 1 1 1 2 9  34 1 1  170 998 1  42 998  249.7076291 16745.099831   1.12840467  221.2926230 0 53 1 2 1 1  32.50000000 20081216  38 2 1 2 2 2 2 2 2 2 2 2 2 3 1
  840  132   258    36 6 4 1 1 180  5 20 3  75  15   5   0   5 999 1 1 1 1 1 3 1 2 3 4 4 3 3 1 1 1 2 2 2 2 2 1 2 2 1 2 2 2 1 2 4 4 1 2 4 2 4 2 2 4 2 2 1 3 3 1 1 3 1 2 1 1 3 1 1 1 1 3 2 1 3 1 1 3 1 2 1 3 1 3 1 2 1 1 1 2 2  33 1 1  195 998 1  42 998  609.2866148 21934.318132   1.12840467  539.9540000 0 54 3 2 2 2  26.66666667 20081216  62 1 1 2 2 2 2 2 2 2 2 2 2 4 1
  840  133   255    16 6 2 1 1 180  6 40 3  60  10  20   0  10 999 1 2 1 1 1 2 1 1 1 1 1 2 2 2 1 1 2 1 2 5 1 5 5 5 1 2 2 2 1 2 2 2 1 1 2 2 1 1 1 2 1 1 1 1 1 1 1 1 1 1 1 1 1 1 1 1 3 3 1 1 1 1 2 2 2 2 2 2 2 2 2 2 2 2 2 1 1 120 1 2  123 998 1  42 998  896.0097276 14336.155642   1.12840467  794.0500000 0 55 1 2 2 1  33.33333333 20081216  30 1 1 2 2 2 2 2 2 2 2 2 2 3 1
  840  134   135    28 6 4 1 1 181  5 30 3  20  20   0  50  10   0 1 1 1 1 2 2 2 2 1 4 4 2 2 2 1 1 2 2 1 5 5 5 5 5 1 1 2 2 1 2 2 4 1 2 2 2 1 1 2 3 2 1 1 1 3 1 1 1 1 1 1 1 2 1 1 1 1 1 1 1 1 1 1 1 1 1 1 1 1 3 1 2 1 1 2 2 2  27 1 1  107 998 1  42 998  544.0059064 13146.809404   1.12840467  482.1017860 1 55 2 1 1 2  27.50000000 20081216  72 1 1 2 2 2 2 2 2 2 2 2 2 4 1
  840  135   228    34 5 3 1 1 180  6 20 3  50  20  25   0   5 999 1 1 1 1 2 2 1 1 2 2 3 3 2 2 9 1 2 2 2 5 5 5 5 5 1 2 2 2 1 2 2 2 1 2 3 2 3 2 2 4 3 2 2 2 2 1 1 2 2 2 2 2 2 2 2 2 1 1 2 1 2 1 1 2 1 1 2 2 1 2 1 1 2 1 1 1 1  24 1 1   52 998 1  42 998  371.5162286 11561.911643   1.12840467  329.2402440 1 56 2 1 1 1  31.66666667 20081216  50 1 1 2 2 2 2 2 2 2 2 2 2 4 1
  840  136   335    61 5 4 1 1 175  6  0 3  20  30  30   5   5  10 1 1 1 1 1 2 2 3 1 3 3 2 2 1 1 1 1 2 2 5 3 5 3 5 1 2 2 2 1 2 4 3 1 2 3 2 2 2 2 3 2 1 1 3 3 1 2 2 2 2 2 2 2 2 1 1 3 4 4 3 4 2 1 3 3 3 3 4 1 3 3 3 3 2 4 2 2  32 1 1  124 998 1  42 998  292.9262568 17446.343239   1.12840467  259.5932690 0 56 3 2 2 2  30.00000000 20081216  53 1 1 2 2 2 2 2 2 2 2 2 2 4 1
  840  137   750    90 6 2 4 1 180  5  0 3  50  15  20   3   5   7 1 1 1 1 1 2 2 2 2 2 1 1 2 1 1 1 2 2 2 5 5 5 5 5 1 2 1 2 1 2 2 1 1 2 9 2 2 2 2 1 1 1 1 1 1 1 1 1 1 1 1 1 1 1 1 1 1 1 1 1 1 1 1 1 1 1 1 2 1 1 1 1 1 1 1 1 1  40 1 1   18 998 1  42 998  224.0024319 17136.186041   1.12840467  198.5125000 1 57 1 1 1 1  25.00000000 20081216  24 1 1 2 2 2 2 2 2 2 2 2 2 2 1
  840  138   480    82 6 2 4 1 180  5 30 3  25  30  40   0 999   5 1 1 1 1 2 2 1 2 1 3 3 2 3 2 1 2 2 1 2 5 3 3 3 5 1 2 2 2 2 2 2 2 1 2 4 2 3 2 2 3 2 2 1 2 2 1 2 2 2 2 1 2 2 2 2 1 1 3 3 3 1 2 3 3 2 3 3 4 4 4 2 3 3 1 2 2 2  16 2 1   46 998 1  42 998  167.3864326 12884.951077   1.12840467  148.3390110 0 57 2 2 2 2  27.50000000 20081216  25 1 1 2 2 2 2 2 2 2 2 2 2 3 1
  840  139   811   266 4 2 1 4 172  5 30 3  35  35  25   1   1   3 1 1 1 1 1 2 3 2 2 2 2 2 2 1 1 2 2 2 2 2 2 2 2 2 1 2 1 2 2 2 4 4 1 2 4 3 2 2 2 3 9 2 1 2 2 1 1 2 2 2 2 2 2 2 1 1 2 3 3 3 4 2 3 3 1 2 2 4 3 3 1 2 3 2 3 2 2 100 1 1   31 998 1  42 998   62.4269075 14915.972189   1.12840467   55.3231560 1 58 2 2 2 2  27.50000000 20081216  20 2 1 2 2 2 2 2 2 2 2 2 2 2 1
  840  140   327    43 5 2 3 1 999  6 40 3  50  22  25   1   2   0 1 1 1 1 1 2 1 1 1 2 1 2 2 1 2 1 2 2 2 1 5 1 1 1 1 2 1 1 2 2 4 4 1 2 2 2 2 2 2 2 1 1 1 2 2 1 1 2 1 2 1 1 2 1 1 1 1 1 3 2 3 1 1 1 1 1 1 2 1 1 1 1 1 1 1 2 2  30 1 1    6 998 1  42 998  362.6706035 15957.506554   1.12840467  321.4011900 0 58 2 2 2 1  33.33333333 20081216  40 1 1 2 2 2 2 2 2 2 2 2 2 3 1
  840  141   464   186 5 3 4 1 174  6 15 3  30  35  25   5   5   0 1 1 1 1 2 3 2 2 2 2 3 1 2 1 1 1 2 2 2 2 5 5 4 3 1 2 2 1 2 2 4 4 2 2 3 2 2 2 2 3 2 3 2 2 2 1 1 2 1 1 1 1 2 1 2 1 1 1 1 1 2 1 2 2 1 3 3 3 3 3 2 3 3 2 3 2 2 130 2 1   43 998 1  42 998   67.1020506 13304.072196   1.12840467   59.4663000 1 59 2 2 2 2  31.25000000 20081216  35 2 1 2 2 2 2 2 2 2 2 2 2 3 1
  840  142   560    96 5 3 4 1 180  5  5 3 999 999 999 999 999 999 9 9 9 9 9 1 1 2 2 3 3 1 1 1 2 1 2 2 2 1 3 4 4 4 1 2 2 2 1 2 2 2 1 2 2 2 2 2 2 2 2 2 2 2 2 1 2 2 2 2 2 2 2 2 2 2 1 1 1 1 1 1 1 1 1 1 1 1 1 3 1 2 2 1 1 2 2  50 1 1    1 998 1  42 998  141.0385684 13539.702567   1.12840467  124.9893520 0 59 2 1 1 1  25.41666667 20081216  37 8 2 2 2 2 2 2 2 2 2 2 2 3 1
  840  143   466    70 4 3 1 9 175  6  0 3  20  20  40   0 999  20 1 2 1 1 1 3 2 2 2 3 4 2 3 2 1 1 2 1 2 5 5 5 5 2 1 2 1 2 1 2 5 2 1 1 4 2 2 1 3 2 2 3 1 3 2 1 1 2 1 2 1 2 2 2 2 1 9 9 9 9 9 9 9 9 9 9 9 9 9 9 9 9 9 9 9 2 2 107 1 1   49 998 1  42 998  200.4232281  7657.346275   1.12840467  177.6164470 1 60 2 9 9 2  30.00000000 20081216  38 1 1 2 2 2 2 2 2 2 2 2 2 3 1
  840  144   306    92 5 3 4 2 180  6 15 3  50  20  15  10   5   0 1 1 1 1 1 2 2 2 2 3 3 2 3 2 2 2 2 1 2 5 5 5 5 5 1 2 2 2 1 2 2 2 1 1 4 2 2 2 2 2 2 1 1 2 2 1 1 2 1 1 2 1 2 1 1 1 1 1 1 1 1 1 2 3 1 1 1 1 2 2 1 1 1 1 3 2 2 999 1 1   17 998 1  42 998  282.0771368 12927.329979   1.12840467  249.9787040 0 60 2 1 1 2  31.25000000 20081216  43 4 1 2 2 2 2 2 2 2 2 2 2 3 1
  840  145   224    31 5 4 2 1 176  5 30 3  60  20  15   0   5   0 1 1 1 1 1 2 2 3 2 2 3 2 2 2 2 2 2 2 2 5 4 4 4 5 1 2 1 2 1 2 2 2 1 2 1 2 2 2 2 2 2 1 1 2 2 1 2 1 2 2 1 1 2 1 1 1 1 1 4 4 3 3 4 3 3 3 3 4 4 4 3 4 4 2 3 2 2  25 1 1   26 998 1  42 998  476.0051684 13108.450021   1.12840467  421.8390630 1 61 2 2 2 2  27.50000000 20081216  52 1 1 2 2 2 2 2 2 2 2 2 2 4 1
  840  146   297    44 4 4 1 1 999  5 30 3  40  20  30   0  10 999 1 1 2 1 1 1 1 2 2 4 3 1 2 2 2 2 2 2 2 1 5 3 5 5 1 2 2 2 1 2 4 4 1 1 4 2 2 1 1 2 1 1 1 2 2 9 9 2 1 1 9 9 2 9 9 9 1 1 1 1 1 2 1 1 1 2 1 2 1 2 1 2 1 1 1 2 2  34 1 1   24 998 1  42 998  371.5162286 16021.637360   1.12840467  329.2402440 0 61 2 1 1 1  27.50000000 20081216  63 2 1 2 2 2 2 2 2 2 2 2 2 4 1
  840  147   179    98 9 4 1 1 179 99 99 3  20  60  10   5   5   0 1 1 1 1 1 1 1 1 1 2 3 2 2 2 1 1 2 2 2 5 5 5 5 5 1 2 1 2 1 2 2 2 1 2 2 1 2 2 1 2 1 2 1 2 2 1 1 2 1 2 2 1 2 1 2 1 1 1 1 1 1 1 1 1 1 1 1 1 1 1 1 1 1 1 2 2 1  46 1 1  222 998 1  42 998  134.7979241 11228.667080   1.12840467  119.4588500 0 62 2 1 1 1 999.00000000 20081216  51 2 1 2 2 2 2 2 2 2 2 2 2 4 1
  840  148   729   108 4 1 2 1 178  6  0 3  35  35  15   2  10   3 1 1 1 1 1 2 2 2 2 2 1 2 2 1 1 1 2 2 1 5 5 5 5 5 1 2 1 2 1 2 2 2 1 2 2 2 2 2 2 2 2 2 1 1 1 1 1 1 1 1 1 1 1 1 1 1 1 2 1 1 2 2 1 2 1 1 1 2 1 2 1 1 1 1 1 1 2 999 1 1   96 998 1  42 998  109.5839238 10989.702070   1.12840467   97.1140290 1 62 1 1 1 1  30.00000000 20081216   7 2 1 2 2 2 2 2 2 2 2 2 2 1 1
  840  149   693    86 5 3 1 1 180  7  0 3  79  10  10   0   1 999 1 1 1 1 2 2 3 2 1 3 3 1 2 2 2 2 2 2 2 1 1 1 1 2 1 2 2 2 1 2 3 3 1 1 2 1 2 1 1 2 2 2 1 2 1 1 1 1 1 1 1 1 1 1 1 1 2 1 1 1 2 1 3 2 1 2 1 2 3 2 1 2 1 2 2 2 2  40 1 1   73 998 1  42 998  155.4302585 10707.417807   1.12840467  137.7433670 1 63 2 1 1 2  35.00000000 20081216  35 2 1 2 2 2 2 2 2 2 2 2 2 3 1
  840  150   408    69 1 2 2 2 180  6  0 3  50  20  10   0  10  10 1 1 1 1 1 3 2 3 2 3 4 2 3 2 1 2 2 2 2 3 5 3 3 3 1 2 1 2 1 2 5 4 1 2 4 2 2 1 2 2 2 2 1 3 3 1 1 2 1 1 1 1 1 1 1 1 1 1 1 1 1 1 1 1 1 1 1 2 2 2 1 1 1 1 1 2 2  65 1 1  148 998 1  42 998  195.2841709 13474.607789   1.12840467  173.0621790 0 63 3 1 1 2  30.00000000 20081216  20 4 1 2 2 2 2 2 2 2 2 2 2 2 1
  840  151   365    51 5 2 4 2 180  5 40 9  30  20  25   0   5  20 1 1 1 1 1 1 1 1 1 1 1 1 1 1 2 2 2 2 2 5 5 2 2 2 1 2 2 2 2 2 2 2 1 1 2 2 2 1 2 2 2 2 1 1 1 1 1 1 1 1 1 1 1 1 1 1 1 1 1 2 1 1 1 1 1 1 1 1 1 1 1 2 1 1 2 2 2  36 1 1  132 998 1  42 998  253.8694225 11932.470198   1.12840467  224.9808330 0 64 1 1 1 1 999.00000000 20081216  11 4 1 2 2 2 2 2 2 2 2 2 2 2 1
  840  152   252    30 6 2 1 1 174  6  0 3  45  10  20  20   5   0 1 1 1 1 1 2 1 1 1 2 2 2 2 2 1 1 2 2 2 4 5 5 5 5 1 2 1 2 1 2 2 2 1 2 2 2 2 2 2 2 2 1 1 2 1 1 1 2 2 2 1 1 2 1 1 1 1 1 2 1 2 1 2 2 1 2 2 2 2 2 1 2 2 1 2 2 2  26 1 1   45 998 1  42 998  609.2866148 18278.598444   1.12840467  539.9540000 1 64 2 1 1 1  30.00000000 20081216  21 1 1 2 2 2 2 2 2 2 2 2 2 2 1
  840  153   351    49 6 2 1 1 999  6 20 3  45  40  10   0   4   1 1 1 1 1 1 1 1 2 1 3 3 2 2 1 1 2 2 2 2 5 5 5 5 5 1 2 2 2 1 2 5 3 1 2 4 2 2 1 2 4 2 2 2 3 2 1 1 2 1 1 1 1 2 1 1 1 1 1 1 2 3 1 2 2 1 2 1 1 2 2 1 1 1 1 2 2 2  30 2 1  197 998 1  42 998  282.0771368 12740.484013   1.12840467  249.9787040 1 65 2 1 1 1  31.66666667 20081216  22 2 1 1 2 2 2 2 2 2 2 2 2 2 1
  840  155   386    73 4 1 1 3 176  6  6 3   7  60  20  10   3   0 1 1 1 1 1 2 1 2 2 1 1 1 1 1 1 1 2 2 2 9 9 9 9 9 1 2 1 2 1 2 4 4 1 1 2 2 2 1 2 2 2 1 1 2 1 1 1 1 1 1 1 1 1 1 1 1 2 1 1 3 1 1 1 1 1 1 1 4 1 1 1 1 1 1 1 2 2  70 1 1  211 998 1  42 998  205.8400727 11781.635739   1.12840467  182.4168920 0 65 2 1 1 1  30.50000000 20081216   5 2 1 2 2 2 2 2 2 2 2 2 2 1 1
  840  156   650    97 4 2 2 2 180  5 30 3  30  25  15   5  10  15 1 1 1 1 1 2 1 2 2 2 2 2 2 2 2 2 2 2 2 4 3 4 4 4 1 2 2 2 2 2 2 2 1 1 2 2 2 2 2 2 2 1 1 2 2 1 1 2 1 1 2 2 2 2 1 1 1 1 1 1 1 1 2 2 1 2 2 2 2 3 1 2 2 1 3 2 2  27 1 2   63 998 1  42 998  185.7581143 16868.140346   1.12840467  164.6201220 0 66 2 1 2 1  27.50000000 20081216  12 3 1 2 2 2 2 2 2 2 2 2 2 2 1
  840  157   860    85 5 2 3 1 180  5 45 3  25  25  25   0  25 999 1 1 1 1 1 1 1 1 1 2 2 2 2 2 1 1 2 1 2 5 5 4 5 4 1 2 1 2 2 2 2 2 1 2 2 2 2 1 1 2 2 1 1 1 1 1 1 1 1 1 1 1 1 1 1 1 2 2 2 2 2 2 2 2 2 2 2 2 2 2 2 2 2 1 2 1 2 999 2 1  179 998 1  42 998  167.3864326 14311.539991   1.12840467  148.3390110 1 66 1 2 2 1  28.75000000 20081216   9 1 1 2 2 1 2 2 2 2 2 2 2 1 1
  840  158   580    81 3 1 3 2 172  5 15 3  50  25  20   1   2   3 1 1 1 1 1 2 2 2 2 2 2 2 2 2 1 2 2 2 2 5 5 5 5 5 1 2 2 2 1 2 4 2 1 1 2 2 3 2 2 2 1 1 1 2 2 1 1 2 2 2 1 2 2 1 1 1 1 1 2 1 2 2 1 1 1 1 1 2 2 2 1 1 1 1 3 2 2  60 1 1  202 998 1  42 998  152.3216537 10321.770241   1.12840467  134.9885000 0 67 2 1 1 1  26.25000000 20081216  11 2 1 2 2 2 2 2 2 2 2 2 2 2 1
  840  159   508   103 4 2 2 1 177  6 15 3  35  15  25   5  20   0 1 1 1 1 1 2 2 2 2 2 2 2 2 2 1 1 2 2 2 4 5 3 4 4 1 2 2 2 1 2 2 2 1 1 1 1 1 1 2 2 2 1 1 1 1 1 1 1 1 1 1 1 2 1 1 1 1 2 1 1 1 2 1 2 1 2 1 4 1 2 1 2 1 1 4 2 2  60 1 1  221 998 1  42 998  138.4742304 12828.098847   1.12840467  122.7168180 1 67 1 1 1 1  31.25000000 20081216  20 2 1 2 2 2 2 2 2 2 2 2 2 2 1
  840  160   377   110 6 2 1 1 180  6 30 3  25  30  30  10   5   0 1 1 1 1 1 1 1 2 2 3 3 2 3 2 1 1 2 2 2 5 3 4 4 1 1 2 2 2 1 2 2 2 1 1 3 2 2 2 1 3 2 2 1 1 1 1 1 2 1 1 1 1 2 1 1 1 1 2 1 1 1 1 3 4 2 3 4 4 4 4 2 3 4 1 4 2 2  20 1 1  146 998 1  42 998  121.8573230 13404.305525   1.12840467  107.9908000 0 68 1 2 2 2  32.50000000 20081216  42 2 1 2 2 2 2 2 2 2 2 2 2 3 1
  840  163   791   158 3 9 1 1 180  5 25 3 999 999 999 999 999 999 1 1 1 1 1 3 2 2 2 3 3 3 3 1 1 1 2 2 2 3 5 5 3 1 1 2 1 2 2 2 4 4 1 2 4 3 4 3 3 4 4 2 2 2 2 1 1 2 1 2 2 2 3 2 2 2 1 1 1 1 1 1 2 2 1 1 2 1 2 4 1 2 2 1 1 1 2  90 1 1  168 998 1  42 998  112.8308540  6287.755776   1.12840467   99.9914810 1 69 2 1 2 2  27.08333333 20081216  38 3 1 2 2 2 2 2 2 2 2 2 2 3 1
  840  165   463    78 4 2 1 1 176  5 45 3  15  25  25  25   5   5 1 1 1 1 2 1 2 2 1 2 2 2 2 2 2 2 2 2 2 1 1 1 1 2 1 2 1 2 1 2 2 2 1 1 2 2 2 1 1 2 2 1 1 1 1 1 1 1 1 1 1 1 1 1 1 1 2 1 2 1 1 1 2 2 1 1 1 1 2 2 1 1 1 1 1 2 2  50 1 1  171 998 1  42 998  177.1182019 12612.680375   1.12840467  156.9633720 1 70 1 1 1 1  28.75000000 20081216  22 1 1 2 2 2 2 2 2 2 2 2 2 2 1
  840  166   463    76 1 4 1 1 180  6  0 3  30  60   4   1   2   3 1 1 1 1 1 2 1 2 2 2 3 2 2 2 2 2 2 2 2 5 5 5 5 4 1 1 1 2 2 2 3 3 1 2 3 1 2 2 2 3 2 2 2 2 2 1 1 2 1 1 1 1 2 1 1 1 1 1 1 1 2 1 3 3 2 3 3 3 4 4 3 3 3 3 4 2 2  42 1 1   35 998 1  42 998  205.8400727 13754.598063   1.12840467  182.4168920 0 70 2 2 2 1  30.00000000 20081216  57 3 1 2 2 2 2 2 2 2 2 2 2 4 1
  840  168   214    28 5 4 9 1 180  5 20 3  25  25  30  10  10   0 1 1 1 1 2 2 1 2 2 3 3 2 2 2 1 1 2 2 2 4 5 5 5 5 1 2 1 1 1 2 4 4 1 1 3 2 1 1 2 2 2 1 1 2 2 9 9 2 1 9 9 2 2 1 9 9 1 1 1 2 1 2 1 9 1 2 2 3 2 3 9 2 3 1 2 2 2  26 1 1  145 998 1  42 998  317.3367789  8488.758836   1.12840467  281.2260420 0 71 2 1 2 2  26.66666667 20081216  90 1 1 2 2 2 2 2 2 2 2 2 2 5 1
  840  169   265    27 6 4 1 3 180  5 38 3  20  10  30  20  20   0 1 1 1 1 1 2 2 2 2 4 4 3 2 2 1 1 2 1 1 5 5 5 5 5 1 1 1 2 1 2 2 2 1 1 2 2 2 2 2 2 2 2 1 2 1 1 1 1 1 2 1 1 2 1 1 1 2 1 2 2 1 1 2 2 2 2 2 1 2 2 2 2 2 2 2 2 2  53 1 9  161 998 1  42 998  435.2047253 11968.129947   1.12840467  385.6814290 0 72 2 2 1 2  28.16666667 20081216  97 5 1 2 2 2 2 2 2 2 2 2 2 5 1
  840  170   297    40 9 4 1 1 180  6  5 3  25  25  10   1  10  30 1 1 1 1 2 2 2 2 2 3 3 3 3 2 2 1 2 2 2 5 5 5 5 1 1 2 1 1 1 2 5 4 1 2 5 2 3 2 2 3 2 2 1 2 2 1 1 3 1 1 1 1 2 1 1 1 1 2 1 3 1 1 1 1 1 3 2 3 3 3 3 2 3 3 1 1 2  32 1 1  229 998 1  42 998  298.6699088 11554.792098   1.12840467  264.6833330 1 72 2 1 2 2  30.41666667 20081216  83 2 2 1 2 2 2 2 2 2 2 2 2 5 1
  840  171   524    74 2 4 1 4 181  6  1 3  15  10  15   8   2  50 1 1 1 1 1 3 3 4 3 3 3 4 4 2 1 1 2 2 2 2 4 4 5 5 1 1 2 2 3 2 5 5 2 2 5 3 4 4 3 5 5 5 3 3 3 2 1 3 2 3 3 2 3 3 3 3 3 2 4 1 4 2 3 3 3 4 3 3 3 3 3 3 3 4 2 2 2  30 1 2  212 998 1  42 998  245.6800865  9950.043503   1.12840467  217.7233870 0 73 3 2 2 3  30.08333333 20081216  81 6 1 2 2 2 2 2 2 2 2 2 2 5 1
  840  172   318    52 6 4 1 1 999  5 30 3  15  30  40   5   5   5 1 1 1 1 2 2 2 2 2 3 3 3 3 2 1 1 2 2 2 3 3 3 3 3 1 2 1 2 1 2 3 3 1 1 2 2 2 1 1 2 1 1 1 2 2 1 1 1 1 1 1 1 1 1 1 1 2 2 1 1 1 1 1 1 1 3 2 3 1 2 1 3 2 1 1 2 2  10 1 1  180 998 1  42 998  197.8203292  8628.610411   1.12840467  175.3097400 1 73 2 1 2 2  27.50000000 20081216  53 2 1 2 2 2 2 2 2 2 2 2 2 4 1
  840  173   585   123 3 4 1 1 178  5 45 3  20  20  30  20  10   0 1 1 1 1 1 1 1 1 1 1 1 1 1 2 2 2 2 2 2 5 4 5 5 4 1 1 2 2 1 2 4 4 1 2 3 1 3 2 2 3 3 2 2 2 2 1 2 2 1 2 2 2 2 2 2 2 1 1 1 1 1 1 1 1 1 1 1 4 1 3 1 1 1 1 1 2 2  66 1 1  230 998 1  42 998  143.6996739 18968.356948   1.12840467  127.3476420 1 74 2 1 1 1  28.75000000 20081216  92 2 1 2 2 2 2 2 2 2 2 2 2 5 1
  840  174   598   100 3 2 4 2 177  6  0 3  20  45  15   5  10   5 1 1 1 1 1 2 2 2 2 2 2 2 2 2 1 1 2 2 2 5 5 4 4 4 1 2 1 2 1 2 2 2 1 2 3 1 2 1 1 3 3 1 1 2 1 1 1 2 1 1 1 1 2 2 1 1 1 1 1 3 1 1 2 1 1 1 2 1 2 1 1 1 2 1 2 2 2  37 1 1  152 998 1  42 998  152.3216537 15068.238257   1.12840467  134.9885000 0 74 2 1 1 1  30.00000000 20081216  10 4 1 2 2 2 2 2 2 2 2 2 2 2 1
  840  175   429    75 2 1 2 1 180  6  5 3  30  30  30   5   5   0 1 1 1 1 1 1 1 1 1 1 1 1 1 2 1 1 2 2 2 5 5 5 5 5 1 2 1 2 1 2 2 2 1 1 2 2 1 1 1 1 1 1 1 1 1 1 1 1 1 1 1 1 1 1 1 1 1 1 1 1 1 1 1 1 1 1 1 1 1 1 1 1 1 1 1 2 2  28 1 1   58 998 1  42 998  217.6023621 13708.948812   1.12840467  192.8407140 1 75 1 1 1 1  30.41666667 20081216   7 1 2 1 1 2 2 2 2 2 2 2 2 1 1
  840  177  1831   211 1 4 1 4 174  5 15 3  20  20  30   0  20  10 1 1 1 1 1 2 2 2 2 3 3 2 2 2 2 1 2 2 2 3 4 4 5 5 1 1 1 2 1 2 2 2 1 2 2 2 2 2 2 2 2 1 1 2 2 1 2 2 2 2 2 2 2 2 1 1 2 2 3 3 4 2 1 2 1 1 1 2 1 3 1 2 1 2 2 1 1  90 1 1  237 998 1  42 998   68.3056747 11893.384080   1.12840467   60.5329600 0 75 2 2 2 2  26.25000000 20081216  97 5 1 2 2 2 2 2 2 2 2 2 2 5 1
  840  178   586    97 4 4 1 4 999  7 15 2  70  10  15   0   5 999 1 1 1 1 1 2 2 2 2 2 2 2 2 2 1 1 2 1 1 2 3 4 4 3 1 2 1 1 1 2 2 2 1 2 2 1 1 1 1 2 2 1 1 1 2 1 2 1 1 1 1 1 2 1 1 1 1 1 9 1 1 9 1 2 1 2 2 3 1 2 2 2 2 1 1 2 2  40 2 1  134 998 1  42 998  129.0861473  8713.314944   1.12840467  114.3970340 1  1 2 1 2 1  43.50000000 20081216  65 6 1 2 2 2 2 2 2 2 2 2 2 4 1
  840  179   583    95 5 4 3 1 177  6 30 3  25  15  25   5  10  20 1 1 1 1 1 1 2 2 2 3 3 2 2 2 1 1 2 2 2 5 5 5 5 5 1 2 1 2 2 2 2 4 1 2 4 2 2 2 2 3 2 3 1 1 2 1 1 2 1 1 1 1 2 1 2 1 1 1 1 1 2 1 1 2 2 1 1 2 1 2 2 1 1 1 2 2 2 125 1 1  140 998 1  42 998  158.6683895 14355.313762   1.12840467  140.6130210 0  1 2 1 1 2  32.50000000 20081216  53 3 1 2 2 2 2 2 2 2 2 2 2 4 1
  840  180   257    27 1 4 1 1 179  5 38 3  35  35  30   0   0   0 1 2 1 1 1 2 1 1 1 3 4 2 2 2 1 1 2 2 2 5 5 5 5 5 1 1 1 2 1 2 4 4 2 1 4 2 3 2 2 2 2 2 1 2 2 1 1 2 1 2 1 1 1 1 1 1 1 1 1 1 1 1 1 1 1 1 1 2 1 1 1 1 1 1 1 1 2  40 1 1  173 998 1  42 998  185.7581143  3909.766025   1.12840467  164.6201220 1  2 2 1 1 1  28.16666667 20081216  99 1 1 2 2 2 2 2 2 2 2 2 2 5 1
  840  182   384    54 2 4 2 1 180 99 99 3  60  15  20   4   1   0 1 1 1 1 1 2 2 2 2 3 3 2 2 2 2 1 2 2 2 4 4 3 3 3 1 1 1 2 1 2 2 2 1 2 3 2 3 2 3 3 2 2 1 2 2 1 1 2 1 2 1 2 2 2 1 1 2 3 3 1 2 1 2 3 2 2 2 3 3 3 3 2 3 2 2 2 2  32 1 1  160 998 1  42 998  245.6800865 12792.913076   1.12840467  217.7233870 0  2 2 2 2 2 999.00000000 20081216  60 2 1 2 2 2 2 2 2 2 2 2 2 4 1
  840  183   306 99999 1 4 1 3 171  5 10 3  54  25   5   1  10   5 1 1 1 1 1 2 1 1 1 3 4 3 3 2 1 1 2 2 2 3 3 2 3 3 1 2 1 1 1 2 4 3 1 1 4 2 3 2 2 3 2 1 1 2 2 1 1 2 1 1 1 1 2 1 1 1 2 3 2 3 3 1 1 1 2 3 2 3 2 2 2 4 2 3 3 2 2  60 3 1  114 998 1  42 998  292.9262568 13321.776724   1.12840467  259.5932690 0  3 2 2 2 2  25.83333333 20081216  80 4 1 2 2 2 2 2 2 2 2 2 2 5 1
  840  184 99999    52 1 4 1 2 180  6  5 3  50  30  10   5   5   0 1 1 1 1 1 3 3 3 3 4 3 3 2 2 1 2 2 2 2 5 3 5 5 5 1 2 2 2 1 2 5 5 2 1 5 1 4 2 2 5 4 3 2 3 2 1 1 3 1 2 2 1 3 3 2 1 3 3 2 1 3 3 3 4 1 1 3 4 3 4 1 1 3 4 4 2 2  36 1 2   41 998 1  42 998  371.5162286 18891.037323   1.12840467  329.2402440 1  3 2 2 2 2  30.41666667 20081216  86 2 1 2 2 2 2 2 2 2 2 2 2 5 1
  840  186   660 99999 1 4 1 2 185  6 25 3  20  30  15  20  10   5 1 1 1 1 1 1 2 2 2 3 3 1 3 1 1 1 2 2 2 5 5 5 5 5 1 2 1 2 4 2 4 4 1 3 4 2 3 2 2 3 2 3 1 2 2 1 1 2 1 2 1 1 2 1 2 1 1 1 1 1 1 2 3 3 1 1 2 1 3 3 1 2 1 1 3 1 1  60 2 1   16 998 1  42 998  183.5200647  7614.890997   1.12840467  162.6367470 1  4 2 2 1 2  32.08333333 20081216  86 4 1 2 2 2 2 2 2 2 2 2 2 5 1
  840  189   427    81 5 4 2 1 180  5 45 3  25  15  15  25  15   5 1 1 1 1 1 2 2 2 1 3 3 3 2 9 1 1 2 2 2 3 3 3 3 3 1 1 1 2 3 2 2 2 1 2 2 2 2 1 1 2 2 1 1 3 2 1 2 2 1 2 1 1 1 1 1 1 1 1 1 2 1 1 2 1 2 2 1 2 3 3 2 3 3 2 2 2 2  11 1 1   74 998 1  42 998  227.3457516 18187.660131   1.12840467  201.4753730 1  6 2 1 2 2  28.75000000 20081216  84 2 1 2 2 2 2 2 2 2 2 2 2 5 1
  840  190   867   134 2 2 3 1 177  5 30 3  20  10  60   0   5   5 1 1 1 1 1 1 1 1 1 1 2 1 1 2 2 2 2 2 2 5 5 5 5 5 1 1 2 2 1 2 5 5 1 3 3 2 2 2 2 2 2 2 1 2 2 1 2 2 2 2 1 1 1 1 1 1 1 1 1 1 1 1 1 1 1 2 2 2 2 2 2 2 2 2 2 2 2  50 1 1  225 998 1  42 998  171.1479256 22147.356563   1.12840467  151.6724720 0  6 2 1 2 1  27.50000000 20081216  15 2 1 2 2 2 2 2 2 2 2 2 2 2 1
  840  191   931   158 2 3 4 1 180  6 30 3  10  50  25   1  10   4 1 1 1 1 1 2 2 2 1 2 1 2 2 2 1 1 2 2 2 4 4 5 5 4 1 2 1 1 3 2 2 2 1 1 2 2 2 2 2 2 2 2 1 2 2 1 1 2 2 2 2 2 2 2 2 1 1 3 1 1 1 2 1 1 2 1 1 1 1 1 1 1 1 1 1 2 2  60 1 1  181 998 1  42 998   90.6676514 10210.119554   1.12840467   80.3502980 0  7 2 1 1 1  32.50000000 20081216  28 2 1 2 2 2 2 2 2 2 2 2 2 3 1
  840  194   579    98 1 4 1 1 180  6  0 3   5  50  25  15   5   0 1 2 1 1 1 3 3 3 3 2 2 2 2 2 1 1 2 2 2 5 5 5 5 5 1 2 1 2 3 2 4 2 1 3 3 1 1 1 2 3 2 2 1 9 9 9 9 9 9 9 9 9 9 9 9 9 1 1 1 1 1 1 1 1 1 2 2 3 2 2 1 1 9 1 2 2 2  75 1 1  158 998 1  42 998  160.3385830 15232.165381   1.12840467  142.0931580 1  8 9 1 1 2  30.00000000 20081216  80 3 2 1 2 2 2 2 2 2 2 2 2 5 1
  840  197   488    48 2 4 1 1 180  6 15 3  40  15  20   0   5  20 1 1 1 1 1 3 3 3 2 3 3 2 2 2 1 1 2 2 2 4 5 5 4 5 1 1 1 1 1 1 5 5 1 1 5 1 2 2 2 5 2 2 1 3 3 1 1 3 1 2 2 2 3 2 2 1 1 1 3 3 1 1 1 1 1 1 2 1 1 2 1 1 2 1 1 2 2 106 2 1  122 998 1  42 998  217.6023621  5331.257871   1.12840467  192.8407140 0  9 3 1 1 2  31.25000000 20081216  74 2 1 1 1 2 2 2 2 2 2 2 2 4 1
  840  198   446    70 5 4 1 1 182  6  0 3  10  45  30  10   5   0 1 1 1 1 1 2 1 1 1 2 2 2 2 2 1 1 1 2 2 5 2 2 5 5 1 1 1 2 3 2 4 2 1 2 2 1 2 1 1 1 1 1 1 2 1 1 2 1 1 1 1 1 1 1 1 1 1 1 3 1 1 1 4 4 4 4 4 4 4 4 4 4 4 9 3 2 2   1 1 1   94 998 1  42 998  258.1722946 16157.282772   1.12840467  228.7940680 1  9 2 2 2 1  30.00000000 20081216  50 1 1 2 2 2 2 2 2 2 2 2 2 4 1
  840  199   629    97 5 3 1 2 180  6  0 3  35  25  20   1  10   9 1 1 1 1 1 2 1 2 1 3 2 3 2 1 2 1 2 2 2 5 2 4 2 5 1 2 1 1 3 2 4 3 1 2 2 2 2 1 2 2 2 1 1 2 2 1 1 2 1 1 1 1 1 1 1 1 3 1 2 2 3 1 3 3 4 2 2 4 4 3 4 3 3 1 1 2 2  37 1 1  117 998 1  42 998  354.2364037  8265.516087   1.12840467  313.9267440 0 10 2 2 2 1  30.00000000 20081216  48 4 1 2 2 2 2 2 2 2 2 2 2 3 1
  840  200   320    32 5 4 1 1 180  7  0 3  30  20  30   0  20   0 1 1 1 1 1 1 2 3 1 1 3 2 1 2 1 2 2 2 2 5 4 4 5 5 1 2 1 2 1 2 2 2 1 2 2 2 2 1 2 2 2 2 1 1 1 1 1 1 1 1 1 1 1 1 1 1 1 1 1 1 1 2 2 4 1 3 3 3 4 3 1 3 3 1 4 2 2   9 1 1  163 998 1  42 998  272.0029532  8620.401286   1.12840467  241.0508930 1 10 1 2 2 1  35.00000000 20081216  84 1 1 2 2 2 2 2 2 2 2 2 2 5 1
  840  201   586   106 9 4 1 3 184  6 15 3  30  25  10  10  20   5 1 1 1 1 1 2 2 2 2 3 4 3 2 1 1 1 2 2 2 9 9 9 9 9 1 2 1 2 2 2 3 3 1 2 3 2 3 1 2 3 2 2 1 1 1 1 1 1 1 1 1 1 1 1 1 1 1 1 1 1 1 1 1 1 9 1 1 2 1 1 1 1 1 1 1 2 2  18 1 1    4 998 1  42 998  195.2841709 16414.719473   1.12840467  173.0621790 0 11 1 1 1 2  31.25000000 20081216  72 5 1 2 2 2 2 2 2 2 2 2 2 4 1
  840  204  1051   123 4 2 4 3 180  5 30 3  25  65   5   0   0   0 1 1 1 1 1 2 1 1 1 1 1 1 1 2 1 1 2 1 2 4 5 4 5 5 1 2 1 2 2 2 3 3 1 2 1 1 1 1 1 2 1 1 1 2 3 1 2 1 1 1 1 1 2 1 1 1 1 1 2 2 4 1 3 3 3 2 2 3 3 3 2 3 2 1 2 1 1  12 1 1   27 998 1  42 998  133.6154858 16956.441412   1.12840467  118.4109650 1 11 2 2 2 1  27.50000000 20081216  15 4 1 2 2 2 2 2 2 2 2 2 2 2 1
  840  206   756   123 4 2 2 2 186  5 45 3  30  20  30  15   5   0 1 1 1 1 1 2 2 1 2 3 3 2 3 2 1 1 2 1 1 5 5 5 4 5 1 2 1 2 1 2 5 5 2 2 3 2 2 2 2 2 2 2 2 2 2 1 1 1 1 1 1 1 1 1 1 1 2 2 1 1 2 2 2 2 1 2 2 3 2 2 2 1 2 1 3 2 2  46 1 2  162 998 1  42 998  107.2687703 13093.494271   1.12840467   95.0623240 0 12 2 1 2 2  28.75000000 20081216  35 3 1 2 2 2 2 2 2 2 2 2 2 3 1
  840  208  1202   209 4 3 2 1 180  6  0 3  40  10  30   1   4  15 1 1 1 1 1 2 2 2 2 3 4 3 3 2 2 2 2 2 2 3 3 3 3 3 1 2 2 2 4 2 5 5 2 2 2 2 2 2 2 2 2 1 1 3 3 1 1 1 1 1 1 1 2 1 1 1 3 4 4 3 4 3 4 4 3 3 3 3 4 4 3 3 3 3 3 2 2  20 1 1   87 998 1  42 998   86.5463937 16783.818499   1.12840467   76.6980110 1 13 3 3 3 2  30.00000000 20081216  50 2 1 2 2 2 2 2 2 2 2 2 2 4 1
  840  210   809   286 4 3 1 2 180  7  0 3  60  20  20   5   3   2 1 1 1 1 1 3 2 3 4 4 4 3 3 2 2 1 2 2 2 4 3 3 4 4 1 1 1 2 2 2 5 5 1 4 5 3 4 2 2 5 5 3 1 2 2 1 2 2 1 2 1 1 3 2 1 1 2 1 2 2 3 2 1 1 1 2 2 2 1 1 1 2 2 2 2 2 2  30 1 9  172 998 1  42 998   86.0574312 24621.483991   1.12840467   76.2646890 1 14 2 2 2 3  35.00000000 20081216  46 3 1 2 2 2 2 2 2 2 2 2 2 3 1
  840  211   874   136 5 4 3 1 180  6 30 3  10  60  10  10   5   5 1 1 1 1 1 1 1 1 1 2 3 2 2 2 1 1 2 1 2 2 5 2 3 3 1 2 1 2 2 2 2 2 1 2 2 2 2 2 2 2 1 1 1 1 1 1 1 1 1 1 1 1 1 1 1 1 1 1 1 1 1 1 1 1 1 1 1 2 1 1 1 1 1 1 1 2 2  45 2 1  136 998 1  42 998  122.8400438 22111.207886   1.12840467  108.8616940 1 15 1 1 1 1  32.50000000 20081216  57 2 1 2 2 2 2 2 2 2 2 2 2 4 1
  840  212   412    50 3 4 1 1 175  6 30 3   5  50  30   1   2   2 1 1 1 1 1 2 2 3 3 4 3 3 3 2 2 1 2 1 2 5 5 5 5 5 1 2 1 1 1 2 3 4 2 2 3 2 2 2 2 2 2 2 1 2 3 1 1 2 1 1 1 1 1 1 1 1 1 1 1 1 1 1 1 1 1 1 1 1 1 1 1 1 1 1 1 1 1  80 1 1    7 998 1  42 998  173.0927886  8190.436042   1.12840467  153.3960230 0 15 2 1 1 2  32.50000000 20081216  85 2 1 2 2 2 2 2 2 2 2 2 2 5 1
  840  213 99999 99999 9 4 1 1 999 99 99 3 999 999 999 999 999 999 1 1 1 1 2 2 2 3 3 4 4 2 3 2 2 2 2 2 2 5 5 5 5 5 1 2 1 1 2 2 3 3 2 2 3 2 2 2 2 2 1 1 1 2 2 1 1 2 1 1 1 1 1 1 1 1 1 1 1 1 1 1 1 1 1 1 1 2 1 1 1 1 1 1 1 2 2  45 1 1  120 998 1  42 998  282.0771368  9429.435716   1.12840467  249.9787040 0 16 2 1 1 2 999.00000000 20081216  86 2 1 2 2 2 2 2 2 2 2 2 2 5 1
  840  214   453    68 5 4 1 1 178  6 25 3  35  35  25   0   5   0 1 1 1 1 1 2 1 2 1 3 3 3 3 2 2 1 2 2 2 5 2 5 5 2 1 1 2 2 2 2 4 3 1 3 4 2 3 2 2 3 2 2 1 2 2 1 2 2 1 2 1 1 2 1 1 1 1 3 2 3 3 1 2 2 1 3 3 4 4 4 1 3 3 1 3 2 2  42 1 2  214 998 1  42 998  173.0927886 10864.901192   1.12840467  153.3960230 1 16 2 2 2 2  32.08333333 20081216  58 2 1 2 2 2 2 2 2 2 2 2 2 4 1
  840  215   801   150 9 1 4 4 180  5 50 3  50  30  15   0   5   0 1 1 1 1 1 2 2 2 2 2 2 2 2 1 1 1 2 2 2 5 5 5 5 5 1 2 1 2 1 2 5 2 2 2 2 2 2 2 2 2 2 2 1 3 2 1 1 2 1 1 1 1 1 1 1 1 1 1 2 2 2 1 2 2 2 2 2 3 3 3 2 2 3 2 2 2 2 999 1 1  182 998 1  42 998  123.8387429 15232.165374   1.12840467  109.7467480 0 17 2 2 2 1  29.16666667 20081216   6 2 1 2 2 2 2 2 2 2 2 2 2 1 1
  840  219   743   115 5 3 4 3 180  5 25 3  30  40  20   5   5   0 1 1 1 1 1 2 2 2 2 3 3 1 2 2 1 1 2 2 2 5 4 4 5 4 2 2 2 2 1 2 2 2 1 2 2 2 2 2 2 2 2 2 1 1 2 1 1 1 1 1 1 1 2 1 1 1 1 1 1 3 1 1 2 2 1 1 1 1 1 2 1 1 1 1 3 1 1 105 1 1   92 998 1  42 998  129.0861473 14199.476205   1.12840467  114.3970340 1 19 2 1 1 2  27.08333333 20081216  39 4 1 2 2 2 2 2 2 2 2 2 2 3 1
  840  220   616    97 4 3 4 1 180  7  0 3 999 999 999 999 999 999 1 1 1 1 1 2 2 1 2 3 3 2 1 9 9 9 9 9 9 5 5 5 5 5 1 1 1 1 2 2 5 5 1 1 2 1 2 1 2 2 4 2 1 9 9 9 9 9 9 9 9 9 9 9 9 9 1 1 1 1 1 1 1 2 1 1 1 1 2 2 1 1 1 1 2 1 2  80 1 1  137 998 1  42 998  147.8851005 14418.797303   1.12840467  131.0567960 0 19 9 1 1 1  35.00000000 20081216  29 2 1 2 2 2 2 2 2 2 2 2 2 3 1
  840  222 99999 99999 4 4 2 1 180  5  0 3  10  20  60   5   5   0 1 1 1 1 1 1 2 2 2 3 4 3 3 2 2 1 2 2 2 5 2 2 5 4 1 2 1 2 1 2 4 2 2 3 3 2 3 2 2 3 3 3 2 3 3 3 2 2 1 2 1 1 2 2 2 1 1 1 1 1 2 1 1 1 1 1 1 4 1 2 1 1 2 1 1 2 2  40 1 9  155 998 1  42 998  208.6597991 12602.134680   1.12840467  184.9157530 0 20 3 1 1 2  25.00000000 20081216  68 2 1 2 2 2 2 2 2 2 2 2 2 4 1
  840  224 99999 99999 6 3 9 1 180  5 30 3  30  30  30   2   3   4 1 1 1 1 1 2 1 2 2 2 2 3 2 2 2 1 2 2 2 5 5 5 5 5 1 2 2 2 1 2 4 4 2 1 2 2 2 2 2 2 2 2 1 1 1 1 1 1 1 1 1 1 1 1 1 1 1 1 1 2 2 1 1 1 1 1 1 2 1 1 1 1 1 1 1 2 2  32 1 1  129 998 1  42 998  262.6235407  8591.541547   1.12840467  232.7387930 0 21 1 1 1 1  27.50000000 20081216  45 1 1 2 2 2 2 2 2 2 2 2 2 3 1
  840  225   306    56 5 3 1 1 180  5  0 3  50  10  30   0  10 999 2 2 1 1 1 2 2 2 2 2 3 2 2 2 2 1 2 2 1 4 5 4 3 5 1 1 1 1 1 2 2 2 1 2 3 1 2 1 1 2 1 1 1 1 2 1 1 1 1 1 1 1 2 1 1 1 2 2 3 1 4 1 3 3 2 3 2 3 3 2 2 2 3 1 1 2 1  54 2 1  169 998 1  42 998  119.0012924 10221.584692   1.12840467  105.4597660 1 21 2 2 2 2  25.00000000 20081216  51 1 1 2 2 2 2 2 2 2 2 2 2 4 1
  840  226   565   192 5 4 1 1 180  6 35 3  25  25  15   5   5  25 1 1 1 1 1 2 1 2 2 2 2 2 2 2 1 1 2 2 2 5 5 5 5 4 1 2 2 2 1 2 5 5 1 5 5 2 2 2 2 3 2 1 1 2 2 1 2 2 1 2 2 2 2 2 1 1 1 1 1 1 1 1 3 3 3 2 1 3 4 4 4 2 1 1 3 2 2  65 1 1  232 998 1  42 998   72.1903567 13968.834028   1.12840467   63.9755920 0 22 2 2 2 1  32.91666667 20081216  64 2 1 2 2 2 2 2 2 2 2 2 2 4 1
  840  228   579    87 5 4 1 1 180  5 30 3  50  20  20   5   3   2 1 1 1 1 1 2 1 1 1 2 2 2 2 1 1 1 2 2 2 2 4 3 4 3 1 2 1 1 2 2 2 2 1 2 2 2 2 1 2 2 1 1 1 2 1 1 1 1 1 1 1 1 1 1 1 1 1 2 2 1 2 1 1 1 1 1 1 3 2 2 1 1 1 2 1 2 2  65 1 1  187 998 1  42 998  171.1479256 15061.017453   1.12840467  151.6724720 1 23 2 1 1 1  27.50000000 20081216  58 2 1 2 2 2 2 2 2 2 2 2 2 4 1
  840  230   263    38 6 4 1 2 180  6  5 3  30  30  30   0  10 999 1 1 1 1 1 2 2 2 2 2 2 2 3 2 2 2 2 2 2 5 5 5 5 5 1 1 1 2 1 2 4 3 1 2 4 2 3 1 2 3 2 2 1 2 2 1 2 2 2 2 2 2 2 2 2 1 2 1 1 1 1 1 1 2 1 2 1 2 2 2 1 2 2 2 2 2 2   2 1 1  174 998 1  42 998  380.8041342 14470.557101   1.12840467  337.4712500 1 24 2 1 1 2  30.41666667 20081216  52 3 1 2 2 2 2 2 2 2 2 2 2 4 1
  840  231   387    68 5 4 2 1 180  7  0 3  10  50  30   0  10   0 1 1 1 1 1 1 1 1 2 2 1 2 2 2 2 1 2 2 2 5 5 5 5 5 1 2 1 2 2 2 4 4 2 4 4 4 3 2 2 2 2 1 1 2 2 1 1 1 1 2 1 1 1 1 1 1 1 1 1 1 1 1 2 2 1 1 1 3 2 2 2 2 1 1 1 2 2  75 1 1  243 998 1  42 998  230.7903840 15578.350923   1.12840467  204.5280300 0 24 2 1 2 1  35.00000000 20081216  70 1 1 2 2 2 2 2 2 2 2 2 2 4 1
  840  233   900   144 5 3 4 1 180  5 30 3  30  30  30   0  10 999 1 1 1 1 1 2 2 2 1 2 2 1 1 2 1 1 2 1 2 4 5 4 4 4 1 2 1 2 2 2 4 4 1 2 5 2 2 2 2 2 1 1 1 2 2 9 1 1 1 1 1 1 1 1 1 1 1 2 2 1 3 1 3 3 1 1 1 1 2 2 1 1 1 1 4 2 2  40 1 2  194 998 1  42 998  133.6154858 16875.635856   1.12840467  118.4109650 1 25 2 1 1 1  27.50000000 20081216  30 1 1 2 2 2 2 2 2 2 2 2 2 3 1
  840  235   478    83 6 4 1 1 180  5 50 3  50  35  15   0   0 999 1 2 1 1 1 3 1 2 1 2 3 2 2 2 1 1 2 2 2 9 9 9 9 9 1 2 1 1 1 2 5 9 1 2 3 3 2 2 3 3 2 2 2 2 3 1 2 2 2 2 2 2 3 2 2 2 1 1 1 1 2 1 1 3 1 2 3 4 1 3 1 2 2 1 4 2 2  41 1 1  201 998 1  42 998  141.0385684 10519.817926   1.12840467  124.9893520 0 26 2 2 2 1  29.16666667 20081216  66 1 1 2 2 2 2 2 2 2 2 2 2 4 1
  840  236   599    92 5 2 2 1 180  5 30 3  25  15  50   5   5   0 1 1 1 1 1 3 1 1 1 3 3 2 2 1 1 1 2 2 2 5 5 5 5 5 1 2 1 1 2 2 4 4 1 2 3 2 2 2 2 2 1 1 1 2 2 1 2 2 2 2 2 2 2 1 1 1 1 1 1 1 2 1 1 1 1 1 1 3 1 2 1 1 2 1 2 2 9  72 1 1  193 998 1  42 998  192.8122199 14653.728711   1.12840467  170.8715190 1 26 2 1 1 1  27.50000000 20081216  27 1 1 2 2 2 2 2 2 2 2 2 2 3 1
  840  237   453    50 6 4 3 1 180  5 15 3  20  10  40  10  20   0 1 1 2 1 1 4 3 4 3 5 4 4 2 2 1 1 2 1 1 5 5 5 5 5 1 2 2 2 2 2 3 3 1 1 2 2 2 1 1 2 2 1 1 2 2 1 1 1 1 1 1 1 1 1 1 1 2 4 4 4 1 1 4 4 4 4 4 2 4 4 4 2 4 4 4 1 2  53 1 1    5 998 1  42 998  267.2309716 10794.222460   1.12840467  236.8219300 1 27 2 3 3 3  26.25000000 20081216  74 1 1 2 2 2 2 2 2 2 2 2 2 4 1
  840  238   244    33 5 4 1 1 180  7 15 3  15  15  25   0  10  35 1 2 1 1 2 2 2 2 2 3 3 3 3 2 2 1 2 2 1 2 3 3 3 2 1 2 1 2 1 2 5 4 1 2 3 2 2 2 2 2 1 1 1 2 2 9 1 2 2 2 2 2 2 9 9 9 1 2 3 3 3 1 1 1 1 1 2 4 3 3 2 2 2 1 3 2 2  26 1 1   54 998 1  42 998  390.5683428 11042.432238   1.12840467  346.1243590 0 27 2 2 2 2  36.25000000 20081216  60 1 1 2 2 2 2 2 2 2 2 2 2 4 1
  840  239   111    17 6 4 1 1 180  5 30 3  50  25  10   1  10   4 1 1 1 1 1 1 1 2 2 2 3 2 2 1 2 1 2 2 1 5 5 1 1 1 1 2 2 2 2 2 2 2 1 1 2 2 2 2 2 2 2 2 1 1 1 1 1 1 1 1 1 1 1 1 1 1 1 1 1 1 3 1 1 2 1 3 2 3 2 3 2 2 2 2 4 2 2  25 1 1  103 998 1  42 998 1015.4776909 17263.120746   1.12840467  899.9233330 0 28 1 1 2 1  27.50000000 20081216  60 1 1 2 2 2 2 2 2 2 2 2 2 4 1
  840  240   358    69 6 3 3 4 180  6 30 3  20  40  20  10  10   0 1 1 1 1 1 3 2 2 2 3 3 3 3 1 1 9 2 2 1 5 5 5 5 5 1 2 1 2 1 2 2 2 2 2 2 2 2 2 2 2 2 1 1 1 1 1 1 1 1 1 1 1 1 1 1 1 2 3 1 1 1 2 2 3 2 4 3 4 4 3 4 3 3 1 4 2 2  30 2 1  119 998 1  42 998  272.0029532 15201.147498   1.12840467  241.0508930 1 28 1 2 2 2  32.50000000 20081216  48 1 1 2 2 2 2 2 2 2 2 2 2 3 1
  840  241   400    67 5 3 4 1 180  5 30 3  40  25  20   5  10   0 1 1 1 1 1 2 1 1 1 2 2 2 2 1 1 1 2 2 2 5 5 5 5 4 1 2 1 2 2 2 4 3 1 2 4 2 2 1 1 2 1 2 1 2 2 1 1 3 1 1 1 1 2 1 1 1 1 1 1 2 2 1 1 1 1 1 1 3 1 1 1 1 1 1 1 2 1  72 1 1   88 998 1  42 998  195.2841709 13687.645066   1.12840467  173.0621790 0 29 2 1 1 1  27.50000000 20081216  48 1 1 2 2 2 2 2 2 2 2 2 2 3 1
  840  242   270    99 3 3 3 1 175  6  0 3  35  30  25   5   5   0 1 1 1 2 1 2 1 2 2 3 3 3 2 2 1 2 2 1 2 4 3 5 4 4 1 1 1 2 3 2 4 4 1 2 4 2 3 2 2 4 3 3 1 3 3 1 9 3 1 2 2 2 3 2 2 1 2 1 2 2 2 2 2 2 2 1 2 2 2 2 2 1 2 2 1 1 1  35 2 1   11 998 1  42 998  152.3216537 13382.545289   1.12840467  134.9885000 1 29 3 1 1 2  30.00000000 20081216  49 2 1 2 2 2 2 2 2 2 2 2 2 3 1
  840  243   744   131 5 1 1 1 180  6  0 3  60  20  10   5   5   0 1 1 1 1 1 2 1 2 1 2 2 1 2 2 2 1 2 2 2 4 4 4 4 4 1 1 2 2 2 2 4 3 1 2 2 2 1 1 1 2 2 1 1 2 2 1 2 1 1 1 1 1 1 1 1 1 1 3 1 1 1 1 4 4 1 3 3 3 3 3 1 3 3 1 1 2 2  40 2 1  216 998 1  42 998  118.0788012 15127.978183   1.12840467  104.6422480 0 30 2 2 2 1  30.00000000 20081216  38 2 1 2 2 2 2 2 2 2 2 2 2 3 1
  840  244   837   151 4 1 3 1 180  6  0 3  10  45  25   5   5  10 1 1 1 1 1 1 2 1 1 1 1 1 1 2 1 1 2 2 2 5 5 5 5 5 1 2 1 2 1 2 2 2 1 2 2 2 2 2 2 2 2 2 2 2 2 1 1 2 2 2 1 1 1 1 1 1 2 2 1 1 2 2 2 2 2 2 2 3 2 3 3 2 2 1 2 2 1  48 2 1   15 998 1  42 998   79.3341942 11602.625896   1.12840467   70.3065100 1 30 2 2 2 1  30.00000000 20081216   9 2 1 2 2 2 2 2 2 2 2 2 2 1 1
  840  245   552   188 5 3 2 1 180  6 10 3  20  30  30   0  20   0 1 1 1 1 1 2 2 2 2 3 3 3 2 2 1 1 2 2 2 5 5 5 5 5 1 2 1 2 2 2 4 4 2 2 3 2 2 2 2 2 2 2 2 2 2 1 1 1 1 1 1 1 1 1 1 1 3 4 3 3 4 3 4 3 1 3 3 3 4 4 2 3 3 2 2 2 2  72 1 1   65 998 1  42 998   94.0257126 11641.278709   1.12840467   83.3262350 1 31 2 2 3 2  30.83333333 20081216  31 2 1 2 2 2 2 2 2 2 2 2 2 3 1
  840  247   400   150 5 4 1 1 180  5 45 3  10  60  20   0  10   0 1 1 1 1 1 2 1 2 1 3 3 2 2 2 1 1 2 2 2 5 5 5 5 5 1 1 1 1 2 2 4 4 1 4 3 2 2 2 2 4 2 1 1 1 1 1 2 2 1 1 1 1 2 2 1 1 1 1 2 1 2 2 1 1 1 2 2 3 1 2 1 2 2 1 2 2 2  55 1 1  242 998 1  42 998  147.8851005 16616.907661   1.12840467  131.0567960 0 31 1 1 1 1  28.75000000 20081216  52 2 1 2 2 2 2 2 2 2 2 2 2 4 1
  840  248 99999 99999 5 4 2 1 180  6 25 3  40  25  25   0  10   0 1 1 1 1 1 2 1 2 2 3 4 2 3 2 2 2 2 2 2 2 3 2 2 2 1 2 1 2 1 2 2 2 1 1 3 2 2 1 1 2 1 1 1 1 1 1 1 2 1 1 1 1 2 1 1 1 2 1 3 1 3 1 1 1 1 1 1 2 1 1 1 1 1 1 1 2 2  55 1 1   56 998 1  42 998  183.5200647 13564.291842   1.12840467  162.6367470 0 32 1 2 2 2  32.08333333 20081216  61 2 1 2 2 2 2 2 2 2 2 2 2 4 1
  840  249   492    62 4 4 2 1 175  6 50 3  40  40  20   0   0   0 1 1 1 1 1 9 9 9 9 9 9 9 9 9 9 9 9 9 9 9 9 9 9 9 9 9 9 9 9 9 3 3 1 2 2 2 2 2 2 2 2 2 1 2 2 1 1 2 1 1 1 1 1 1 1 1 2 1 1 1 2 1 1 1 1 1 1 1 1 1 1 1 1 1 1 2 1  40 1 1  139 998 1  42 998  267.2309716 13268.017740   1.12840467  236.8219300 1 32 2 1 1 9  34.16666667 20081216  72 2 1 2 2 2 2 2 2 2 2 2 2 4 1
  840  250   616    92 9 3 9 2 180  5 30 3  70  10  10   2   8   0 1 1 1 1 2 4 4 4 4 3 4 3 3 1 1 1 2 2 2 5 2 2 3 5 1 2 2 2 1 2 3 3 2 2 3 2 3 1 1 3 2 2 1 2 2 1 1 2 1 2 1 1 2 2 2 1 3 1 2 2 3 2 2 3 3 2 2 2 2 3 2 3 2 2 2 2 2  50 1 1  205 998 1  42 998  123.8387429 11145.486859   1.12840467  109.7467480 0 33 2 2 2 3  27.50000000 20081216  48 3 1 2 2 2 2 2 2 2 2 2 2 3 1
  840  251   628   139 5 2 9 1 180  5 20 3 999 999 999 999 999 999 1 1 1 1 1 2 3 3 2 2 2 2 2 1 2 1 2 2 2 2 5 1 5 3 1 2 1 1 2 2 5 5 1 1 2 2 2 2 2 4 3 2 1 2 2 1 1 1 1 1 1 1 3 2 1 1 1 1 1 1 2 1 3 3 1 2 1 4 3 2 1 1 1 1 1 2 2  66 1 1  223 998 1  42 998  107.2687703 15040.210737   1.12840467   95.0623240 1 33 2 2 2 2  26.66666667 20081216  11 1 1 2 2 2 2 2 2 2 2 2 2 2 1
  840  252   262    90 5 1 1 1 188  5  0 3  50  15  30   0  15   0 1 1 1 1 1 2 2 2 1 2 2 1 2 2 2 1 2 2 2 5 2 5 5 5 1 2 1 2 2 2 2 2 1 2 2 1 2 1 2 2 1 1 1 1 1 1 1 1 1 1 1 1 1 1 1 1 2 2 1 1 1 1 1 2 1 1 1 1 1 1 1 1 1 1 2 1 2  55 2 1  235 998 1  42 998  155.4302585 12089.020104   1.12840467  137.7433670 1 34 1 1 1 1  25.00000000 20081216  14 2 1 2 2 2 2 2 2 2 2 2 2 2 1
  840  254   328    37 5 1 2 1 180  5 45 3  50  25   5  15   5   0 1 1 1 1 1 2 2 2 2 2 2 2 2 1 1 1 2 1 2 5 5 5 5 5 1 2 1 2 1 2 4 2 1 2 4 2 2 2 2 2 1 1 1 2 1 1 2 2 2 2 2 2 2 1 1 1 1 2 2 2 2 1 1 1 3 1 2 3 1 1 3 1 2 1 1 2 2  50 1 1  192 998 1  42 998  324.0886244 11143.662699   1.12840467  287.2095740 1 35 2 1 1 1  28.75000000 20081216   8 1 1 2 2 2 2 2 2 2 2 2 2 1 1
  840  255   101     7 6 1 2 1 180  5 30 3  35  20  22   3   5  12 1 1 1 1 2 2 2 2 2 2 3 3 3 2 2 1 2 2 2 5 5 1 5 1 1 2 1 2 1 2 2 2 1 1 3 2 2 2 2 2 1 1 1 1 1 1 1 2 1 1 1 1 1 1 1 1 1 1 1 1 1 2 2 2 1 2 2 2 2 2 1 2 2 1 1 1 2  58 1 1  159 998 1  42 998  634.6735567  4442.714897   1.12840467  562.4520830 0 35 1 1 1 2  27.50000000 20081216   6 1 1 2 2 2 2 2 2 2 2 2 2 1 1
  840  257   727    94 5 3 4 1 180  5 45 3  50  17  30   0   3 999 1 2 1 1 1 2 3 3 1 2 3 2 2 2 1 1 2 2 2 2 2 2 2 2 1 2 1 2 1 2 2 3 1 2 2 2 2 1 2 2 2 2 1 1 2 1 1 1 1 1 1 1 1 1 1 1 1 1 1 1 1 1 2 2 1 1 1 4 2 2 2 2 2 2 3 2 2  35 1 1  153 998 1  42 998  139.7446369 11935.836048   1.12840467  123.8426610 0 36 2 1 2 2  28.75000000 20081216  35 2 1 2 2 2 2 2 2 2 2 2 2 3 1
  840  259   231    24 4 4 1 1 180  5 30 3   7  10  25  50   7   1 1 1 1 1 2 2 2 2 2 3 3 2 2 1 2 1 2 2 2 3 3 3 5 3 1 2 1 2 1 2 2 2 1 2 3 2 2 1 1 2 2 2 2 1 1 1 1 2 1 1 1 1 1 1 2 2 3 3 1 1 1 1 3 3 3 3 3 4 3 3 3 3 3 1 1 2 2  30 1 9  149 998 1  42 998  287.3993466  4885.788892   1.12840467  254.6952830 1 37 1 2 2 2  27.50000000 20081216  67 2 1 2 2 2 2 2 2 2 2 2 2 4 1
  840  260   523    58 4 4 1 3 180  5 45 3  50  15  30   0   5   0 1 1 1 1 1 2 2 2 2 2 3 2 2 2 2 1 2 2 2 5 5 4 5 4 1 1 1 2 1 2 4 4 1 2 2 2 2 2 2 2 2 1 1 2 2 1 1 1 1 1 1 1 1 1 1 1 1 1 1 1 1 1 1 1 1 2 1 1 1 2 1 2 2 1 1 2 2  91 1 1   66 998 1  42 998  253.8694225 11943.402374   1.12840467  224.9808330 0 38 2 1 1 2  28.75000000 20081216  62 2 1 2 2 2 2 2 2 2 2 2 2 4 1
  840  261   398   151 5 3 3 1 180  5 30 3  60  20  15   0   5   0 1 1 1 1 1 2 2 2 2 2 2 2 3 1 2 2 2 2 2 5 4 4 5 5 1 1 1 2 2 2 4 5 1 2 3 2 2 2 2 3 3 2 2 2 2 1 1 2 1 1 1 1 2 2 2 2 2 2 2 1 2 1 3 3 2 2 2 4 3 4 2 2 3 2 2 2 2  58 1 1  151 998 1  42 998  114.5275594 15859.340133   1.12840467  101.4951130 1 38 2 2 2 2  27.50000000 20081216  37 2 1 2 2 2 2 2 2 2 2 2 2 3 1
  840  264   555    99 4 2 4 1 190  7  5 3  80  10  10   0   0   0 1 1 1 1 1 5 4 3 1 2 1 3 3 2 2 1 2 2 2 5 5 5 5 3 1 2 1 2 1 2 2 2 1 1 2 2 1 2 1 1 1 1 1 1 1 1 1 1 1 1 1 1 1 1 1 1 4 3 1 4 3 1 2 2 2 2 2 4 2 2 2 2 2 2 2 2 2  20 1 1  101 998 1  42 998  150.8135183  9759.789112   1.12840467  133.6519800 0 40 1 2 2 2  35.41666667 20081216  15 3 1 2 2 2 2 2 2 2 2 2 2 2 1
  840  266   277    67 4 3 4 1 999  4 30 3  60  20  18   2   0   0 1 1 1 1 1 2 2 2 3 3 3 3 2 2 1 1 2 2 2 4 4 5 5 4 1 2 2 1 2 2 4 4 2 2 5 3 3 2 2 3 3 2 1 2 2 1 1 3 2 2 1 1 2 2 1 1 2 2 3 3 3 2 3 3 2 3 3 3 3 3 3 3 3 2 3 2 2  16 1 1  210 998 1  42 998  208.6597991 10641.649754   1.12840467  184.9157530 1 40 2 2 2 2  22.50000000 20081216  23 2 1 2 2 2 2 2 2 2 2 2 2 2 1
  840  268 99999 99999 5 1 9 1 181  5 15 3  50  15  10   0  10  15 1 1 1 1 1 1 2 2 3 3 3 3 3 2 2 2 2 2 2 1 1 1 1 1 1 2 2 2 1 2 3 3 1 1 2 1 1 1 1 2 2 1 1 1 1 1 9 1 9 9 9 9 1 1 9 9 1 1 1 3 2 1 1 1 1 1 1 4 1 2 1 1 1 3 4 2 2  24 1 2   42 998 1  42 998  544.0059064 19416.826197   1.12840467  482.1017860 0 41 1 1 1 2  26.25000000 20081216   9 2 1 2 2 2 2 2 2 2 2 2 2 1 1
  840  269   425    57 9 1 1 1 180  5 40 3  20  20  50   0  10   0 1 1 1 1 1 2 2 1 1 1 1 2 1 1 1 1 2 2 2 5 5 2 5 5 1 2 1 1 1 2 5 5 1 1 2 2 2 2 2 3 2 2 1 3 1 1 1 2 1 1 2 1 2 2 2 1 2 1 2 1 3 1 1 1 1 1 1 4 1 1 1 1 1 1 1 2 2  31 1 1  154 998 1  42 998  282.0771368 16078.396798   1.12840467  249.9787040 0 42 2 1 1 1  28.33333333 20081216   2 2 1 2 2 2 2 2 2 2 2 2 2 1 1
  840  270   421    66 5 2 1 1 180 99 99 3 999 999 999 999 999 999 9 9 9 9 9 3 2 2 2 3 4 3 2 1 1 2 2 2 2 2 5 4 5 5 1 1 1 2 1 2 4 4 1 2 2 2 2 2 2 2 2 1 1 2 2 1 1 2 2 2 2 2 2 1 1 1 1 1 2 2 1 1 2 1 1 1 2 2 2 4 1 2 2 1 2 2 2  40 1 1  228 998 1  42 998  230.7903840 14885.979771   1.12840467  204.5280300 1 42 2 1 2 2 999.00000000 20081216  18 8 2 2 2 2 2 2 2 2 2 2 2 2 1
  840  271   812    80 5 2 9 1 180  5 12 3  40  10  30   0  20 999 1 1 1 1 1 2 3 2 2 2 1 2 3 2 1 1 2 1 2 2 2 2 5 5 1 2 1 2 1 2 4 2 1 4 2 2 2 2 2 4 1 1 1 2 1 1 2 1 1 1 1 1 3 1 1 1 1 1 1 1 1 1 2 2 1 1 1 2 2 2 1 2 2 1 1 1 2  30 1 1  209 998 1  42 998  205.8400727 14430.472464   1.12840467  182.4168920 0 43 2 1 1 2  26.00000000 20081216  12 2 1 2 2 2 2 2 2 2 2 2 2 2 1
  840  272   424    88 4 2 1 1 180  6 15 3  15  30  30  10  15   0 1 1 1 1 1 2 2 2 2 4 4 2 1 2 1 1 2 2 2 4 3 5 4 4 1 1 1 2 1 2 5 5 1 1 2 2 1 2 2 2 2 2 2 3 2 1 1 1 1 1 1 1 1 1 1 1 1 3 1 1 1 1 2 2 1 3 3 1 1 2 2 3 2 1 1 2 1  68 1 1  127 998 1  42 998  185.7581143 10897.809373   1.12840467  164.6201220 1 43 2 2 1 2  31.25000000 20081216  24 1 1 2 2 2 2 2 2 2 2 2 2 2 1
  840  273   453    82 5 1 1 1 180  5 50 3  35  35  20   5   5   0 1 1 1 1 1 1 2 2 1 2 2 2 2 1 1 1 2 2 2 5 5 5 5 5 1 2 2 2 1 2 2 2 1 1 2 2 2 1 2 2 2 1 1 1 1 1 1 1 1 1 1 1 2 1 1 1 1 1 1 1 1 1 1 2 1 2 2 1 1 2 1 2 1 1 4 2 2  32 1 2    3 998 1  42 998  167.3864326 12275.005061   1.12840467  148.3390110 0 44 1 1 1 1  29.16666667 20081216   8 2 1 2 2 2 2 2 2 2 2 2 2 1 1
  840  274   571    79 3 2 4 1 186  5  0 3  60  20  10   5   5   0 1 1 1 1 1 2 2 2 2 3 3 2 2 2 1 2 2 2 2 5 5 5 5 2 1 1 1 2 2 2 2 2 1 1 2 2 2 2 2 2 2 2 1 1 1 1 1 1 1 1 1 1 1 1 1 1 3 3 1 1 2 2 4 4 1 2 4 4 4 4 1 2 4 1 4 2 2  30 1 9  186 998 1  42 998  152.3216537 11881.088988   1.12840467  134.9885000 1 44 1 2 2 2  25.00000000 20081216  11 2 1 2 2 2 2 2 2 2 2 2 2 2 1
  840  276   771   114 5 1 4 1 180  5 30 3  35  35  20   5   5   0 1 2 1 1 1 2 2 2 2 3 3 3 2 2 1 1 2 1 1 5 5 5 5 5 1 2 1 1 2 2 2 2 1 1 2 2 2 2 2 2 2 2 2 1 1 1 1 1 1 1 1 1 1 1 1 1 1 1 1 1 1 1 1 1 1 1 1 1 1 1 1 1 1 1 1 1 1 115 1 1  189 998 1  42 998  120.8902012 12320.133737   1.12840467  107.1337300 1 45 1 1 1 2  27.50000000 20081216  13 2 1 2 2 2 2 2 2 2 2 2 2 2 1
  840  279   775   147 4 2 2 1 180  6  0 3  15  40  40   5   0   0 1 1 1 1 1 2 2 2 2 2 2 2 2 2 2 2 2 2 2 2 2 2 2 2 1 2 1 2 1 2 2 5 1 1 2 1 2 1 1 2 2 1 1 1 1 1 1 1 1 1 1 1 1 1 1 1 1 1 1 1 1 1 1 1 1 1 1 1 1 1 1 1 1 1 1 1 1  50 1 1  166 998 1  42 998   77.7151298 11657.269471   1.12840467   68.8716840 1 46 1 1 1 1  30.00000000 20081216  26 2 1 2 2 2 2 2 2 2 2 2 2 3 1
  840  281   798   150 3 2 3 1 180  5 40 3  25  50  20   0   5 999 1 1 1 1 1 3 2 2 2 3 3 2 2 1 1 1 2 1 2 5 5 5 5 5 1 1 2 2 2 2 2 2 1 2 2 1 2 1 1 2 2 1 1 2 2 1 1 2 1 1 1 1 2 2 1 1 2 2 3 3 3 1 1 1 1 1 1 1 1 1 1 1 1 1 1 2 1  51 1 1  131 998 1  42 998  134.7979241 13681.989299   1.12840467  119.4588500 0 47 2 2 2 2  28.33333333 20081216  18 3 1 2 2 2 2 2 2 2 2 2 2 2 1
  840  283   705    71 4 4 1 2 180  5 34 3  30  30  30   1   5   4 1 1 1 1 2 2 1 3 2 4 4 3 2 2 1 1 2 2 2 4 4 4 4 2 1 2 2 2 1 2 4 4 1 2 3 2 3 2 2 3 2 2 2 2 2 1 2 2 1 2 1 9 2 2 2 2 2 3 3 3 2 3 3 3 4 2 3 1 3 1 4 2 2 2 2 2 2  39 2 1   53 998 1  42 998  175.0823601  9762.386421   1.12840467  155.1591950 1 47 2 2 2 2  27.83333333 20081216  63 2 1 2 2 2 2 2 2 2 2 2 2 4 1
  840  285   518    83 4 3 3 1 180  6 10 3   5  70  20   4   1   0 1 1 1 1 2 3 3 3 3 3 4 2 2 2 1 1 2 2 2 4 2 4 4 4 1 1 1 1 1 1 4 4 1 9 9 9 9 9 9 9 9 9 9 9 9 9 9 9 9 9 9 9 9 9 9 9 1 1 1 1 2 2 3 2 2 2 2 2 2 2 2 2 2 1 2 2 2 100 1 1  244 998 1  42 998  238.0025836 12949.504209   1.12840467  210.9195310 0 48 9 2 2 2  30.83333333 20081216  60 2 1 2 2 2 2 2 2 2 2 2 2 4 1
  840  287   148    25 3 4 1 1 180 99 99 3  50  20  25   3   2   0 1 1 1 1 1 3 3 3 3 4 4 3 3 2 2 1 2 2 2 3 4 3 3 2 1 2 1 2 1 2 5 5 9 2 4 9 3 3 3 3 2 2 1 3 3 1 1 2 1 1 1 2 2 2 1 1 2 1 3 3 3 4 2 2 2 4 4 4 3 4 2 4 4 2 4 2 2   8 2 2   77 998 1  42 998  544.0059064 10200.110745   1.12840467  482.1017860 1 49 3 2 2 3 999.00000000 20081216  72 2 1 1 2 2 2 2 2 2 2 2 2 4 1
  840  288   488    70 2 1 9 4 182  5  0 3  20  30  30   5   5  10 1 1 1 1 1 1 3 3 3 4 4 2 3 2 2 2 2 2 2 4 4 4 5 4 1 1 1 1 1 2 4 4 3 5 5 2 4 3 2 4 4 4 4 2 2 2 2 3 2 2 2 2 2 2 2 2 3 3 3 3 3 3 3 3 3 3 3 3 3 3 3 3 3 3 3 2 2 999 2 9  239 998 1  42 998  258.1722946 17752.418736   1.12840467  228.7940680 0 49 2 3 3 2  25.00000000 20081216 100 7 1 2 2 2 2 2 2 2 2 2 2 5 1
  840  290   634    77 9 4 1 2 181  5 45 3   9  51  40   0   0   0 1 2 1 1 2 2 1 2 2 3 3 2 3 2 9 1 2 2 2 5 5 4 5 4 1 9 9 2 1 2 5 4 1 1 4 2 2 2 2 2 2 1 1 2 3 1 1 2 1 1 1 1 1 1 1 1 1 1 1 1 1 1 2 2 1 2 1 4 3 4 1 3 2 1 3 2 2  80 2 1   67 998 1  42 998  157.0326326  9886.153321   1.12840467  139.1634020 0 50 2 1 2 2  28.75000000 20081216  92 5 1 2 2 2 2 2 2 2 2 2 2 5 1
  840  293  1235   210 1 4 1 2 186  6  0 3  30  40  25   0   5   0 1 1 1 1 1 2 2 2 2 2 2 2 2 2 2 2 2 2 2 5 4 4 5 4 1 2 1 2 1 2 4 2 1 4 2 2 3 2 2 2 1 1 1 2 1 1 2 1 1 2 1 1 1 1 1 1 1 1 1 1 2 1 1 1 1 1 1 1 1 1 1 1 1 1 3 1 2  76 1 1   48 998 1  42 998   73.2315639 12230.467172   1.12840467   64.8983170 0 52 2 1 1 1  30.00000000 20081216  79 4 1 2 2 2 2 2 2 2 2 2 2 5 1
  840  294  1185   131 5 3 1 4 181  6  0 3  40  10  40   0   0  10 1 1 1 1 1 3 2 3 3 4 4 3 3 2 2 1 2 2 2 5 4 5 5 4 1 1 2 2 2 2 5 5 4 5 5 4 5 5 4 5 4 5 4 2 2 2 2 2 2 2 2 2 2 2 2 2 1 3 2 2 2 1 4 4 4 4 4 1 4 4 4 4 4 2 1 1 2  35 1 1  206 998 1  42 998   94.0257126 10784.829604   1.12840467   83.3262350 1 52 2 2 2 3  30.00000000 20081216  85 3 1 2 2 2 2 2 2 2 2 2 2 5 1
  840  295   884   134 1 2 4 1 181  6 10 3  10  15  50  10  15   0 1 1 1 1 1 2 1 1 1 1 1 1 1 1 1 1 2 1 1 5 5 5 5 5 1 2 1 1 2 2 5 5 1 1 2 1 2 1 1 2 1 1 1 2 2 1 1 1 1 1 1 1 1 1 1 1 1 1 1 1 1 1 1 1 1 1 1 1 1 1 1 1 1 1 1 1 2 113 1 1  150 998 1  42 998  114.5275594 11681.811060   1.12840467  101.4951130 0 53 2 1 1 1  30.83333333 20081216  38 2 1 2 2 2 2 2 2 2 2 2 2 3 1
  840  299   540    60 1 4 1 1 180  6 45 3  60  10  15   0   5  10 1 1 1 1 1 2 2 2 1 2 3 2 2 2 2 1 2 2 2 5 5 5 5 5 1 1 1 2 2 1 3 2 1 3 2 1 2 2 1 3 2 1 1 2 1 1 2 1 1 1 1 1 2 1 1 1 1 1 1 1 1 1 1 1 1 1 1 1 1 1 1 1 1 1 1 1 2  49 1 1   44 998 1  42 998  230.7903840 11539.519202   1.12840467  204.5280300 1 53 2 1 1 1  33.75000000 20081216  74 1 2 2 2 2 2 2 1 2 2 2 2 4 1
  840  300   276    44 9 4 1 1 190 99 99 3  50  20  20   0   0  10 1 1 1 1 1 2 1 3 2 3 3 3 3 1 2 1 2 2 1 2 2 2 3 2 1 2 1 2 1 1 5 5 1 5 5 4 4 2 2 5 2 2 2 3 3 9 2 3 2 2 1 2 3 2 2 1 2 3 4 4 4 2 2 2 3 4 4 4 2 2 3 4 4 1 3 2 2  16 1 2  207 998 1  42 998  317.3367789 12271.283337   1.12840467  281.2260420 1 54 3 3 3 2 999.00000000 20081216  85 1 2 2 2 2 2 2 1 2 2 2 2 5 1
  840 1009   178    16 5 1 4 1 165  5 30 3  50  20  10   5   5  10 1 1 1 1 2 1 1 1 1 1 2 1 1 2 2 2 2 2 2 1 2 1 2 1 1 2 2 1 1 2 2 2 1 2 1 2 1 1 1 1 1 1 1 1 1 1 1 1 1 1 1 1 1 1 1 1 1 1 1 1 1 1 1 1 1 1 1 1 1 1 1 1 1 1 1 1 2  18 1 1   55 998 1  42 998  761.6082685 12185.732296   1.12840467  674.9425000 1  3 1 1 1 1  27.50000000 20081216   0 1 2 2 2 2 2 2 2 2 1 2 2 1 2
  840 1012   173     6 5 1 2 1 180  6 50 3  10  15  20  10  10  35 1 1 1 1 1 3 2 2 3 2 3 2 2 2 2 2 2 2 2 1 3 3 3 3 1 2 1 2 1 2 3 2 2 2 3 2 2 1 2 2 1 1 1 9 9 9 9 9 9 9 9 9 9 9 9 9 3 2 2 2 3 3 2 2 2 2 2 3 2 2 2 3 3 2 2 2 2  15 1 1  199 998 1  42 998  801.6929137  8818.622050   1.12840467  710.4657890 0  5 9 2 2 2  34.16666667 20081216   0 1 2 2 2 2 2 2 2 2 2 1 2 1 2
  840 1014  1557    90 1 1 4 1 180  5 30 3  20  50  15   5  10   0 1 1 1 1 1 1 1 2 1 1 1 1 1 2 1 1 2 2 2 1 3 5 5 4 1 2 2 2 2 2 2 2 1 2 2 2 3 2 2 3 1 1 1 1 1 1 1 1 1 1 1 1 2 1 1 1 1 1 1 1 1 1 1 2 1 1 1 1 1 2 1 1 2 1 1 1 2 200 1 1  219 998 1  42 998  137.2267147 15094.938622   1.12840467  121.6112610 0  6 1 1 1 1  27.50000000 20081216   0 2 2 2 2 2 2 2 2 2 1 2 2 1 2
  840 1021   366    36 3 1 2 1 176  6  0 3  80   5   5   0   5   5 1 1 1 1 1 2 2 2 3 3 4 2 3 2 1 1 2 2 2 4 4 5 5 5 1 2 1 2 1 1 5 2 1 2 2 2 2 1 1 1 1 1 1 2 1 1 2 2 2 1 1 1 1 1 1 1 1 1 2 1 3 3 3 3 1 3 3 3 3 3 1 3 3 1 1 2 2  30 1 1  105 998 1  42 998  609.2866148 21934.318132   1.12840467  539.9540000 1  7 2 2 2 2  30.00000000 20081216   8 1 2 2 2 2 2 2 2 2 2 1 2 1 2
  840 1023   122 99999 9 1 1 1 174  6 30 3 999 999 999 999 999 999 1 2 1 1 2 2 1 1 2 2 3 2 2 2 2 2 2 2 2 1 5 1 1 1 2 2 1 2 1 2 3 2 1 1 1 2 1 1 1 2 1 1 1 2 1 1 1 1 1 1 1 1 1 1 1 1 1 1 2 1 2 1 1 1 1 1 1 2 1 1 1 1 1 1 2 2 2   0 6 1  165 998 1  42 998  761.6082685  6092.866148   1.12840467  674.9425000 1  8 2 1 1 1  32.50000000 20081216   0 1 2 2 2 2 2 2 2 2 2 1 2 1 2
  840 1036   426    72 1 4 1 1 175  7  0 4  40  20  10  10  10  10 1 1 1 1 1 2 2 2 2 3 3 3 2 2 2 2 2 2 2 5 2 2 5 4 1 2 1 2 1 1 2 2 1 2 2 2 2 3 2 2 2 1 1 1 1 1 1 1 1 1 2 1 2 1 1 1 3 3 2 2 2 1 2 2 2 3 3 3 2 2 2 3 3 1 1 2 1  41 1 1   99 998 1  42 998  217.6023621 13276.034639   1.12840467  192.8407140 0 12 1 2 2 2  35.00000000 20081216  64 2 2 2 2 2 2 2 1 2 2 2 2 4 1
  840 1041   908   125 5 4 1 2 180  6 10 3  30  20  25   2   7  16 1 1 1 1 1 3 3 3 3 4 4 3 3 1 2 1 2 2 2 2 5 4 4 5 1 2 2 2 2 2 5 4 1 1 4 3 3 2 2 4 4 1 1 2 2 1 1 2 2 2 1 1 2 2 1 1 1 1 1 1 1 1 1 1 2 2 2 1 1 1 2 2 2 1 1 1 2  62 2 1   22 998 1  42 998  155.4302585 15719.521746   1.12840467  137.7433670 0 13 2 1 1 3  30.83333333 20081216  70 4 1 2 2 2 2 2 2 2 2 2 2 4 1
  840 1042   722   101 5 4 1 4 178  6 30 3  35  22  40   1   2   0 1 2 1 1 1 2 1 1 2 2 3 3 3 2 2 1 2 2 2 4 2 4 4 4 1 1 1 2 3 2 4 4 1 2 4 2 2 2 1 3 2 2 1 2 2 1 1 2 1 1 1 1 2 2 1 1 1 1 3 1 3 1 2 2 1 2 1 4 3 3 1 3 3 3 2 2 2  30 1 9  113 998 1  42 998  146.4631290 11144.512633   1.12840467  129.7966350 0 14 2 1 2 2  32.50000000 20081216  76 5 1 2 2 2 2 2 2 2 2 2 2 5 1
  840 1044   757   103 1 4 3 3 182  5 35 3  45  15  30   5   5   0 1 1 1 1 1 2 2 3 2 4 4 4 3 2 1 1 2 2 2 4 4 5 5 2 1 2 1 2 2 2 5 5 1 1 4 2 2 1 1 2 2 1 1 3 3 1 1 2 2 2 1 1 2 2 1 1 1 1 1 2 2 1 3 3 3 3 3 4 3 4 3 3 2 2 2 2 2  42 1 1   50 998 1  42 998  132.4536115  7720.153357   1.12840467  117.3813040 1 14 3 2 2 2  27.91666667 20081216  74 5 1 2 2 2 2 2 2 2 2 2 2 4 1
  840 1045   653   110 4 4 2 3 180  7  0 2  30  20  20   5   5  20 1 1 1 1 1 1 2 2 2 2 2 2 3 1 2 2 1 1 1 5 5 5 5 5 1 1 1 1 1 1 5 3 1 2 2 2 2 2 2 3 2 2 1 2 2 1 2 1 1 2 1 1 2 1 1 1 4 4 2 2 2 3 4 4 3 4 4 4 4 4 4 4 4 3 3 1 1 145 2 1   29 998 1  42 998  125.8856644 13760.002488   1.12840467  111.5607440 0 15 2 2 2 1  42.00000000 20081216  72 6 1 2 2 2 2 2 2 2 2 2 2 4 1
  840 1048   695   134 2 2 1 2 177  7 15 3  30  25  30   0  15   0 1 1 1 1 1 2 1 2 1 2 3 2 2 2 1 1 2 2 2 5 5 5 5 5 1 1 1 2 2 2 5 5 1 2 3 2 2 2 9 3 2 1 1 2 2 1 1 1 1 1 1 1 1 1 1 1 2 2 2 2 2 1 1 3 1 2 2 2 1 4 1 1 2 1 2 2 1  49 1 1   57 998 1  42 998  105.0494161 13037.185426   1.12840467   93.0955170 1 16 2 2 2 1  36.25000000 20081216  35 4 1 2 2 2 2 2 2 2 2 2 2 3 1
  840 1049   978   138 1 4 1 4 180  5 20 1  30  30  30   0   6   4 1 1 1 1 1 1 1 1 1 1 1 1 1 2 1 1 2 2 2 5 5 5 5 5 1 1 1 1 1 2 2 2 1 1 3 2 2 2 2 2 2 1 1 2 1 1 1 1 1 1 1 1 1 1 1 1 1 1 1 1 1 1 1 1 1 1 1 2 1 1 1 1 1 1 1 2 2  60 1 1  198 998 1  42 998   98.2720348 12459.490130   1.12840467   87.0893550 0 16 2 1 1 1  32.00000000 20081216 100 6 1 2 2 2 2 2 2 2 2 2 2 5 1
  840 1058   704   161 2 3 1 4 180  5 22 3  40  10  30   5  10   5 1 1 1 1 1 1 2 2 2 2 3 2 2 2 2 2 2 2 2 5 3 4 4 3 1 2 1 2 1 2 3 3 1 2 3 2 2 2 2 2 2 1 1 2 2 1 1 2 1 1 1 1 1 1 1 1 1 2 1 1 1 1 3 3 1 2 2 2 3 3 1 2 2 1 2 1 2  46 1 1   40 998 1  42 998   94.6097230 14122.472193   1.12840467   83.8437890 1 20 2 2 2 1  26.83333333 20081216  40 5 1 2 2 2 2 2 2 2 2 2 2 3 1
  840 1059   798   127 2 4 1 3 180  5 23 3  30  30  30   3   2   5 1 1 1 1 1 3 3 3 3 4 4 3 3 2 1 2 2 2 2 3 2 2 3 2 1 1 2 2 1 2 3 3 2 4 3 2 3 2 2 3 2 2 2 9 9 9 9 9 9 9 9 9 9 9 9 9 1 1 1 2 2 1 2 2 1 2 2 2 2 2 1 2 2 3 4 2 2  31 2 1  128 998 1  42 998  108.8011811  8766.266588   1.12840467   96.4203570 0 21 9 1 1 3  26.91666667 20081216  86 5 1 2 2 2 2 2 2 2 2 2 2 5 1
  840 1069   585    80 6 4 3 3 175  5 30 3  35  10  20   0   5  30 1 1 1 1 1 2 2 2 2 4 4 3 3 2 9 1 2 2 2 5 4 4 5 4 1 2 1 2 2 2 4 3 1 2 3 2 4 2 2 3 3 2 2 2 2 1 2 1 1 2 1 1 2 2 1 1 1 1 3 1 2 1 3 3 2 2 2 3 3 3 2 3 3 3 4 2 2  10 1 1  111 998 1  42 998  253.8694225 12626.663380   1.12840467  224.9808330 0 26 2 2 2 2  27.50000000 20081216  52 4 1 2 2 2 2 2 2 2 2 2 2 4 1
  840 1072   281    47 4 2 4 2 180  5 40 3  60  15  10   5  10   0 1 1 1 1 1 2 1 2 1 1 2 2 2 1 1 2 2 1 2 5 1 5 5 5 1 2 1 2 1 2 5 4 1 2 4 2 2 2 2 2 2 1 1 2 2 1 1 2 1 2 1 1 2 2 1 1 1 4 3 1 3 1 1 1 1 1 3 2 2 2 1 2 2 1 1 1 1  60 2 1  191 998 1  42 998  276.9484609 12462.680739   1.12840467  245.4336360 0 27 2 2 2 1  28.33333333 20081216  12 3 1 2 2 2 2 2 2 2 2 2 2 2 1
  840 1073   318    58 9 4 1 4 180  5 20 3  10  20  55   2  10   3 1 1 1 1 1 1 1 2 2 2 3 2 2 1 2 1 2 1 2 1 5 5 5 5 1 1 1 2 1 2 4 3 1 3 2 2 4 2 2 4 2 2 1 2 2 1 2 2 2 3 1 1 3 2 1 1 2 3 2 2 2 1 4 4 2 3 3 4 4 4 2 3 3 1 4 2 2  19 1 2   60 998 1  42 998  238.0025836 12471.335382   1.12840467  210.9195310 1 28 2 2 2 1  26.66666667 20081216 100 7 1 2 2 2 2 2 2 2 2 2 2 5 1
  840 1083 99999 99999 3 3 2 3 180  4 55 3  50  25  20   5   0   0 1 1 1 1 1 2 2 1 1 2 3 1 1 2 2 2 2 2 2 5 5 3 5 5 1 1 2 2 1 2 3 4 1 2 2 2 2 2 1 2 2 1 1 2 2 1 1 2 1 1 1 1 1 1 1 1 1 1 1 1 1 1 1 2 1 1 1 1 1 2 1 1 1 1 2 1 2  80 1 1  108 998 1  42 998  134.7979241 16984.538440   1.12840467  119.4588500 0 33 2 1 1 1  24.58333333 20081216  31 5 1 2 2 2 2 2 2 2 2 2 2 3 1
  840 1087   701   137 2 4 2 4 180  4 58 3  50  10  25   0  10   5 1 1 1 1 1 3 2 2 2 4 4 3 3 1 1 1 2 2 2 3 2 2 3 4 1 2 1 2 1 2 5 4 2 2 2 2 3 3 2 3 2 2 2 3 2 1 1 1 1 2 2 1 2 1 1 1 1 1 1 1 1 1 3 3 1 2 2 3 3 3 1 2 3 3 4 2 2  51 1 2  190 998 1  42 998  113.6728764 12662.930323   1.12840467  100.7376870 0 34 2 2 2 2  24.83333333 20081216  67 6 1 2 2 2 2 2 2 2 2 2 2 4 1
  840 1088  1108   155 1 4 1 4 175  7 15 3  30  17  45   3   5   0 1 1 1 1 1 2 2 1 1 2 2 1 2 2 2 1 2 2 1 5 5 5 5 5 1 2 2 2 2 2 2 3 1 2 2 2 2 2 2 2 2 1 1 2 2 1 2 2 1 2 1 1 2 1 1 1 1 1 1 1 2 1 1 1 1 1 1 1 1 2 2 1 1 1 1 1 1 118 1 1   70 998 1  42 998  108.0295418  8947.387935   1.12840467   95.7365250 1 34 2 1 1 1  36.25000000 20081216  62 7 1 2 2 2 2 2 2 2 2 2 2 4 1
  840 1094   770   151 3 1 3 1 185  6  0 3  20  47  20   3  10   0 1 1 1 1 1 1 1 1 1 1 1 1 1 2 1 1 2 1 1 5 5 5 5 5 1 2 1 9 1 2 2 2 1 1 2 2 2 2 2 2 1 1 1 1 1 1 1 1 1 1 1 1 1 1 1 1 1 1 1 1 1 1 1 1 1 1 1 1 1 1 1 1 1 1 1 1 1  60 1 1  246 998 1  42 998   94.6097230 14569.897341   1.12840467   83.8437890 1 36 1 1 1 1  30.00000000 20081216   2 2 1 2 2 2 2 2 2 2 2 2 2 1 1
  840 1101   665    96 2 1 4 2 999  5 33 3  45  20  20   5  10   0 1 1 1 1 1 2 2 2 1 1 1 1 1 2 2 2 2 2 2 4 5 4 4 1 1 2 2 2 2 2 2 2 1 2 2 2 2 1 1 2 2 1 1 1 1 1 1 1 1 1 1 1 2 1 1 1 1 1 2 1 2 1 4 4 2 2 3 4 4 4 3 3 3 1 4 2 2   9 1 1    2 998 1  42 998  165.5670144 16142.783904   1.12840467  146.7266300 0 40 1 2 2 1  27.75000000 20081216   7 2 2 1 2 2 2 2 2 2 2 2 2 1 1
  840 1112   611    81 3 2 2 1 180  5 10 3  50  10  10   5  10  15 1 1 1 1 2 2 2 2 1 3 3 2 2 2 1 1 2 2 2 4 3 4 5 5 1 1 2 2 1 2 4 4 2 2 2 2 2 2 2 2 2 1 1 2 3 2 2 3 2 2 2 2 2 2 2 2 1 2 3 2 3 1 1 1 1 1 2 3 2 2 1 1 2 1 2 2 2  49 2 1  247 998 1  42 998  167.3864326 16320.177183   1.12840467  148.3390110 1 45 3 2 2 2  25.83333333 20081216  22 3 1 2 2 2 2 2 2 2 2 2 2 2 1
  840 1117   567    90 4 3 2 1 186  5 30 3  60  35 999   0   5 999 1 1 1 1 1 1 1 2 1 2 2 2 2 2 2 1 2 1 2 5 5 5 5 5 1 2 1 2 1 2 4 4 2 2 3 2 2 2 2 3 3 2 2 2 3 1 1 1 1 1 1 1 2 2 2 2 1 1 1 2 2 1 2 2 1 1 1 2 2 2 1 2 2 2 2 2 2  60 1 1  110 998 1  42 998  118.0788012  9962.898855   1.12840467  104.6422480 0 47 2 1 1 1  27.50000000 20081216  42 2 1 2 2 2 2 2 2 2 2 2 2 3 1
  840 1118   247    44 6 3 1 1 180  6 30 3  20  40  40   5   5   0 1 1 1 1 1 2 2 2 1 2 2 2 2 2 2 1 2 2 2 3 3 3 3 3 1 2 1 2 2 2 2 3 1 2 2 2 2 2 2 3 2 2 1 2 2 1 1 1 1 1 1 1 2 1 1 1 2 2 2 3 3 2 2 3 3 3 3 4 3 3 3 3 3 2 1 1 2  30 1 1   84 998 1  42 998  476.0051684 18582.868436   1.12840467  421.8390630 0 48 2 2 2 1  32.50000000 20081216  48 1 1 2 2 2 2 2 2 2 2 2 2 3 1
  840 1120   502   105 5 4 1 1 180  6 10 3  30  25  28   1   1  15 1 1 1 1 1 2 2 3 2 3 3 2 2 2 2 2 2 2 2 5 5 5 2 5 1 2 1 2 2 2 3 3 1 2 4 2 2 2 2 2 2 2 1 1 2 1 1 2 1 1 1 1 2 1 1 1 1 2 3 3 2 2 4 3 2 2 2 4 4 3 3 3 2 3 3 2 2  25 1 1   91 998 1  42 998  177.1182019  7438.964478   1.12840467  156.9633720 0 49 2 2 2 2  30.83333333 20081216  62 2 1 2 2 2 2 2 2 2 2 2 2 4 1
  840 1161   560   120 3 1 4 1 180  5 30 3  40  40  15   5   0   0 1 1 1 1 2 2 2 2 1 1 1 2 2 1 2 2 2 2 2 3 5 5 5 5 1 2 1 2 2 2 4 1 1 1 2 1 2 1 1 1 1 1 1 2 9 9 9 1 9 1 9 9 9 9 9 9 1 1 1 1 1 1 1 1 1 1 1 1 1 1 1 1 1 1 3 2 2  35 1 9  178 998 1  42 998   95.7997826  9484.178474   1.12840467   84.8984280 1 68 2 1 1 1  27.50000000 20081216   3 2 1 2 2 2 2 2 2 2 2 2 2 1 1
  840 1167   374    49 3 4 1 2 178  5 30 2  17  25  50   2   1   0 1 1 1 1 1 2 2 3 3 3 4 3 3 2 2 1 2 2 2 5 4 4 4 2 1 1 1 2 3 2 5 4 1 3 4 2 3 2 2 3 3 2 1 3 2 1 2 3 1 2 1 1 2 1 1 1 1 1 1 1 1 1 4 4 3 3 4 4 4 4 3 3 3 1 1 2 2  25 1 1  245 998 1  42 998  245.6800865  8037.248544   1.12840467  217.7233870 1 71 2 2 2 2  33.00000000 20081216  87 4 1 2 2 2 2 2 2 2 2 2 2 5 1
  840 1187   505    79 5 4 2 1 180  6 33 3  30  35  20   5   5   5 1 1 1 1 1 3 9 3 2 4 4 3 3 2 1 1 2 1 1 2 3 4 4 2 1 2 1 2 3 2 5 4 1 4 3 2 2 2 2 3 2 1 1 3 2 1 2 2 2 1 1 1 2 1 1 1 2 1 4 3 2 1 3 3 2 3 3 4 3 3 3 3 3 4 4 2 2  35 2 1  227 998 1  42 998  134.7979241  9975.046385   1.12840467  119.4588500 0  5 2 2 2 3  32.75000000 20081216  74 2 2 1 2 2 2 2 2 2 2 2 2 4 1
  840 1188  1087   190 4 3 1 1 180  6  0 3  40  20  30   0   9   1 1 1 1 1 1 3 3 3 3 3 3 2 3 2 2 1 2 2 2 2 5 2 2 1 1 1 2 2 3 2 5 4 1 2 4 2 2 2 2 5 3 2 1 3 2 1 1 2 1 1 1 1 3 2 1 1 2 1 1 1 3 2 4 4 4 4 4 4 4 4 4 4 4 3 4 2 2  30 1 2  100 998 1  42 998   73.9425503 11908.133586   1.12840467   65.5283980 1  5 2 2 2 2  30.00000000 20081216  28 1 2 1 2 2 2 2 2 2 2 2 2 3 1
  840 1193   691   118 9 3 3 1 180  6 30 3  20  20  50   5   5   0 1 1 1 1 1 1 1 1 1 1 1 1 1 1 1 1 1 2 2 5 5 5 5 5 1 2 1 2 1 2 4 3 1 2 3 2 2 2 2 2 2 2 1 2 2 1 1 1 1 1 1 1 1 1 1 1 1 1 1 1 3 1 2 1 3 1 1 3 1 2 3 1 1 1 3 2 2  50 1 2   39 998 1  42 998  139.7446369 12034.046675   1.12840467  123.8426610 1  7 2 1 1 1  32.50000000 20081216  26 1 1 2 2 2 2 2 2 2 2 2 2 3 1
  840 1195   660    99 3 4 3 1 180  5 30 3  50  25  15   0  10 999 1 1 1 1 1 2 2 2 1 2 2 3 3 2 2 2 2 2 2 5 5 5 5 5 1 2 1 2 3 2 2 2 1 1 2 1 2 1 1 2 1 1 1 2 2 1 1 1 1 1 1 1 1 1 1 1 1 1 1 1 1 1 2 2 1 1 2 1 2 2 1 1 2 1 2 1 1  17 1 1   51 998 1  42 998  177.1182019 15497.842663   1.12840467  156.9633720 0  8 2 1 1 2  27.50000000 20081216  61 2 2 2 1 2 2 2 2 2 2 2 2 4 1
  840 1209  1003   181 4 2 4 3 180  4 30 3  25  25  25  10   5  10 1 1 1 1 1 1 1 1 1 1 1 1 1 1 1 1 1 1 1 5 5 5 5 5 1 2 1 1 1 2 5 5 1 2 2 2 2 1 1 2 2 1 1 3 2 9 2 1 1 1 1 1 1 1 1 1 1 1 1 1 1 1 1 1 1 1 1 1 1 1 1 1 1 1 1 1 2  86 1 1   71 998 1  42 998   69.8723179  8324.787590   1.12840467   61.9213300 0 14 2 1 1 1  22.50000000 20081216  16 4 1 2 2 2 2 2 2 2 2 2 2 2 1
  840 1216   843   299 4 4 3 1 180  6 10 3  20  30  40   5   5   0 1 1 1 1 1 2 1 1 1 3 3 2 2 2 2 2 2 2 2 4 5 5 5 5 1 2 1 1 2 2 5 5 1 2 4 2 2 2 1 2 2 2 2 2 2 1 1 2 1 1 1 1 1 1 1 1 1 1 2 2 2 1 2 2 1 1 1 4 2 2 1 1 1 1 1 2 2 212 1 1  177 998 1  42 998   54.0147704 15278.463613   1.12840467   47.8682620 1 17 2 1 1 1  30.83333333 20081216  51 2 1 2 2 2 2 2 2 2 2 2 2 4 1
  840 1218   935   156 4 4 9 2 180  5  0 3  30  40  30   0   0   0 1 1 1 1 1 2 1 1 1 3 3 2 2 2 1 1 2 1 2 2 2 2 2 2 1 2 1 2 2 2 4 4 1 2 2 1 1 1 1 3 3 1 1 2 2 1 1 2 1 1 1 1 2 2 1 1 1 1 1 2 2 1 2 2 1 1 2 4 4 4 4 2 2 3 3 2 2  20 2 1   95 998 1  42 998  112.0012160 16341.677415   1.12840467   99.2562500 1 18 2 1 2 1  25.00000000 20081216  57 4 1 2 2 2 2 2 2 2 2 2 2 4 1
  840 1229   420    65 6 4 1 1 187  5 30 3  25  25  25  25   0   0 1 1 1 1 2 3 2 2 3 4 4 2 3 2 2 1 2 2 2 3 3 3 3 3 1 1 1 2 2 2 4 4 1 1 3 2 1 1 2 3 1 1 1 2 2 1 1 2 1 1 1 1 2 1 1 1 1 1 1 3 3 2 2 2 1 2 3 4 4 4 4 4 4 4 4 2 2  35 1 1   82 998 1  42 998  262.6235407 12032.933139   1.12840467  232.7387930 0 23 2 2 2 2  27.50000000 20081216  97 2 1 2 2 2 2 2 2 2 2 2 2 5 1
  840 1253   475    72 5 3 1 1 180  6  5 3  45  25  25   0   5 999 1 1 1 1 1 2 1 1 2 4 3 3 3 1 2 1 1 2 1 5 4 4 4 4 1 2 1 2 1 2 2 2 1 1 2 2 3 1 2 3 2 2 1 1 1 1 1 2 1 2 1 1 2 2 2 1 1 1 2 2 2 1 1 1 1 1 1 1 1 1 1 1 1 1 1 2 1  48 1 1   30 998 1  42 998  208.6597991 14349.373877   1.12840467  184.9157530 0 34 1 1 1 2  30.41666667 20081216  51 2 1 2 2 2 2 2 2 2 2 2 2 4 1
  840 1258   578   156 4 2 2 1 181  6 15 3  50  30  20   0   0   0 1 1 1 1 1 3 3 3 2 2 3 2 2 1 1 1 1 2 2 5 4 4 4 5 1 2 2 2 2 2 4 4 1 1 5 2 2 2 2 3 2 2 1 2 2 1 1 2 1 1 1 1 2 1 1 1 1 1 1 1 1 1 2 2 1 1 2 1 2 2 1 1 2 1 1 2 1 270 1 1   80 998 1  42 998   98.9101646 13360.953116   1.12840467   87.6548700 0 37 2 1 1 2  31.25000000 20081216  18 2 1 2 2 2 2 2 2 2 2 2 2 2 1
  840 1262   735   140 4 2 1 1 180  5 45 3  35  25  25   0   0  15 1 1 1 1 1 3 3 3 2 3 3 2 3 2 2 1 2 2 2 5 2 3 3 2 1 2 2 2 2 2 5 5 1 1 2 2 2 2 2 2 3 2 1 2 2 1 1 1 1 1 1 1 1 2 1 1 3 1 1 1 1 1 3 3 2 2 2 1 3 2 2 2 2 1 1 2 2  48 1 1   89 998 1  42 998   80.1692915 10868.283615   1.12840467   71.0465790 0 39 2 2 2 2  28.75000000 20081216  25 2 1 2 2 2 2 2 2 2 2 2 2 3 1
  840 1263   777   136 4 1 3 1 183  5 50 3  60  20  15   4   1   0 1 1 1 1 1 1 2 2 2 2 2 2 2 1 1 1 2 2 1 5 2 3 3 3 1 2 2 2 1 2 2 2 2 1 2 1 2 1 1 2 2 1 1 1 1 1 1 1 1 1 1 1 1 1 1 1 1 1 2 2 3 2 3 3 2 1 1 2 3 3 2 1 1 1 2 2 1  50 1 1  231 998 1  42 998  120.8902012 17408.188968   1.12840467  107.1337300 1 39 1 2 2 1  29.16666667 20081216   6 1 1 2 2 2 2 2 2 2 2 2 2 1 1
  840 1267   403   232 4 3 1 3 180  5 25 3  20  10  25   0  15  30 1 1 1 1 1 2 2 3 2 3 3 4 2 2 2 2 2 2 2 2 2 2 4 3 1 2 1 2 1 2 5 5 1 2 5 2 4 3 2 4 4 2 2 2 2 1 1 3 1 2 1 2 3 3 2 1 2 3 2 2 3 2 3 3 1 2 2 3 3 3 1 2 2 1 4 2 2  41 1 1   81 998 1  42 998  262.6235407 38008.230329   1.12840467  232.7387930 1 41 2 2 2 2  27.08333333 20081216  29 4 1 2 2 2 2 2 2 2 2 2 2 3 1
  840 1284   287    48 5 3 1 3 184  6 15 3  50  20  20   2   5   3 1 1 1 1 1 2 2 3 2 4 4 2 3 2 2 1 2 2 2 5 5 5 5 3 1 2 1 2 1 2 3 3 1 1 1 1 1 1 1 1 1 1 1 2 2 9 9 9 9 9 9 9 9 9 9 9 3 3 1 1 1 1 2 3 2 1 3 2 3 3 2 1 3 1 3 2 2  10 1 1   98 998 1  42 998  200.4232281  9820.738178   1.12840467  177.6164470 1 48 2 2 2 2  31.25000000 20081216  30 4 1 2 2 2 2 2 2 2 2 2 2 3 1
  840 1289   315    50 9 4 1 4 182  6 15 3  10  40  20   0  10  20 1 1 1 1 2 2 2 2 2 4 4 3 3 1 1 1 2 1 2 4 3 3 4 3 1 2 1 2 1 2 5 5 2 2 5 2 4 3 3 4 2 3 2 3 3 1 1 3 1 2 2 2 2 1 2 1 1 3 1 4 1 1 1 1 1 2 1 1 1 1 1 3 2 2 2 1 2  40 1 1  220 998 1  42 998  200.4232281  4927.071025   1.12840467  177.6164470 1 50 3 2 2 2  31.25000000 20081216  76 3 1 1 2 2 2 2 2 2 2 2 2 5 1
  840 1291  1056   127 2 4 9 4 180  6 30 3  40  30  20   0   5   5 1 1 1 1 1 2 2 3 3 4 4 3 3 2 2 1 2 2 2 5 5 5 5 4 1 1 1 2 2 2 5 5 2 5 5 2 5 2 3 4 2 2 2 2 2 2 2 3 2 3 2 2 3 2 2 2 2 2 1 1 2 2 2 3 1 3 3 3 2 3 3 3 3 2 2 1 2 100 1 1   28 998 1  42 998  105.7789263  9817.606598   1.12840467   93.7420140 0 51 2 2 2 2  32.50000000 20081216  90 5 1 2 2 2 2 2 2 2 2 2 2 5 1
  840 1292    41    11 3 2 1 1 175  5 15 3  20  15  15  40  10   0 1 1 1 1 2 2 2 2 1 3 3 2 2 2 2 1 2 2 2 5 5 5 5 5 1 2 2 2 2 2 2 1 1 1 4 2 1 1 1 3 1 3 1 1 1 1 1 2 1 1 1 1 2 1 2 1 1 1 1 1 1 1 3 3 2 1 2 3 2 2 2 1 1 1 2 2 2  10 1 1   25 998 1  42 998 1384.7423065  8308.453839   1.12840467 1227.1681820 1 51 1 2 1 2  26.25000000 20081216  23 2 1 2 2 2 2 2 2 2 2 2 2 2 1
  840 2123   668   112 4 3 1 1 175  6 10 3  30  25  25  10   5   5 1 1 1 1 1 2 2 2 1 3 2 2 2 2 1 1 2 2 2 5 5 5 5 5 1 1 1 2 2 2 5 3 1 3 3 2 3 2 2 2 2 2 1 2 2 1 1 2 1 2 1 1 2 1 1 1 1 2 3 1 3 1 3 1 2 2 2 2 3 3 2 2 2 2 1 1 2  84 2 1   90 998 1  42 998  163.7867247 17402.339500   1.12840467  145.1489250 0 50 2 2 2 1  30.83333333 20081216  47 2 1 2 2 2 2 2 2 2 2 2 2 3 1
  840 2164   420    62 2 4 1 1 176  5 30 3  25  35  15   3  20   2 1 1 1 1 1 3 3 3 3 4 4 2 3 2 2 1 2 2 2 3 5 5 5 2 1 1 1 1 1 2 5 5 1 1 2 1 1 1 1 2 1 1 1 3 3 1 1 2 1 1 1 1 2 2 2 2 1 1 1 1 1 1 2 3 1 2 1 1 2 4 1 1 2 1 4 2 2  47 1 2  126 998 1  42 998  146.4631290  8920.301999   1.12840467  129.7966350 0 69 3 1 1 3  27.50000000 20081216  75 1 1 2 2 2 2 2 2 2 2 2 2 5 1
  840 2185   460    75 1 4 1 3 175  6 20 3  30  40  20   5   5   0 1 1 1 1 1 1 2 1 1 3 5 2 2 2 1 1 2 2 2 5 5 5 5 5 1 2 1 1 2 2 5 4 1 2 4 4 4 2 2 4 1 3 1 3 2 1 2 2 1 1 1 1 3 1 2 1 1 2 1 1 1 1 3 3 1 1 1 1 1 1 1 1 1 1 3 2 2  42 1 1   93 998 1  42 998  310.8605181 14634.667248   1.12840467  275.4867350 0  4 2 1 1 2  31.66666667 20081216  82 5 1 2 2 2 2 2 2 2 2 2 2 5 1
  840 2205  1050   133 5 4 1 3 180  6 30 3  65  30  10   0   5   0 1 2 1 1 1 2 1 2 1 3 4 2 2 2 2 2 2 2 2 5 5 5 5 5 1 2 2 2 2 2 5 5 2 5 2 1 2 2 2 3 2 1 1 3 3 1 2 1 1 1 1 1 1 1 1 1 1 1 1 1 1 1 1 1 1 1 1 1 1 1 1 1 1 1 1 1 1  54 1 1  217 998 1  42 998  119.0012924 13268.644100   1.12840467  105.4597660 1 12 3 1 1 2  32.50000000 20081216  90 6 1 2 2 2 2 2 2 2 2 2 2 5 1
  840 2207   604   122 3 1 3 1 180  5  0 3  20  25  40   5  10   0 1 1 1 1 1 1 1 1 1 1 1 2 2 2 1 1 2 1 2 4 5 5 5 5 1 2 2 2 1 2 2 2 1 3 2 2 2 1 2 2 2 1 1 1 1 1 2 1 1 1 1 1 1 1 1 1 1 1 1 3 1 1 1 1 1 1 1 2 1 1 1 1 1 1 2 1 2 999 9 1   86 998 1  42 998   96.4061094 12219.474364   1.12840467   85.4357590 0 13 1 1 1 1  25.00000000 20081216  11 2 1 2 2 2 2 2 2 2 2 2 2 2 1
  840 2217   891   160 5 3 1 1 180  6 30 3  35  25  25   0   5  10 1 1 1 1 1 2 1 2 1 2 2 2 2 2 2 2 2 2 2 5 1 2 4 5 1 2 1 2 1 2 5 3 1 2 2 2 2 2 2 2 1 1 1 2 2 1 1 1 1 1 1 1 1 1 1 1 1 1 1 1 2 2 2 2 2 2 2 2 2 2 1 2 2 1 2 2 2  50 2 1  102 998 1  42 998   90.6676514 13962.818322   1.12840467   80.3502980 0 18 2 2 1 1  32.50000000 20081216  43 3 1 2 2 2 2 2 2 2 2 2 2 3 1
  840 2232   459    68 3 4 1 4 180  6  0 3  60  15  20   0   5 999 1 1 1 1 1 2 2 2 2 2 3 2 2 2 2 1 2 2 2 5 5 5 5 4 1 2 1 1 2 2 2 3 1 1 2 2 2 2 2 2 1 1 1 1 1 9 9 1 1 1 1 1 1 9 9 9 1 1 1 1 1 1 3 3 1 1 2 3 3 4 1 1 2 2 4 2 1  45 1 1  241 998 1  42 998  175.0823601  9131.159404   1.12840467  155.1591950 0 25 1 2 2 2  30.00000000 20081216  58 3 1 2 2 2 2 2 2 2 2 2 2 4 1
  840 2256   250    54 4 2 2 1 183  5 30 3  50  15  20   0  10   5 1 2 1 1 1 2 2 2 2 2 3 1 3 2 2 1 2 2 1 2 3 3 3 3 1 2 1 2 1 2 2 2 1 1 2 2 2 1 1 2 2 1 1 2 2 1 1 2 2 2 1 1 2 1 1 1 1 1 1 1 2 1 1 1 1 2 2 1 1 2 1 2 2 1 1 2 1  37 1 1   75 998 1  42 998  262.6235407 13393.800578   1.12840467  232.7387930 1 36 2 1 1 2  27.50000000 20081216  23 1 1 2 2 2 2 2 2 2 2 2 2 2 1
