840 401  225   221241170 6303 50 10 10 20  0 101111111111111122222133321222122211122242113222221112111111111111112121111113111111122  4012   662 82998998   844.440860 18695.031758     1.200837   703.2103330 12111 32.5020080916  41  22222222122 21
840 403   90   109233180 53039999999999999999999999921211222222222344531212121244322233142222221112213112112111233311111223111222322  2011  1222 82998998   993.459837  8747.675297     1.200837   827.3062751 12221 27.50200809169999  22222222222 29
840 406  316   335141180 6 03 50 24 24  0  1  11111112212122112212555551212121211122244144222231212212222212111112313221341222211111999911   652 82998998   444.442558 14759.235615     1.200837   370.1107020 22211 30.0020080916  01  22222222212 21
840 412  370   504221175 6153 45 15 35  0  5  01111121222323212222344431212121221122222122222222112212222212111111122111221111111112  7511   712 82998998   337.776344 16995.483404     1.200837   281.2841330 42112 31.2520080916 112  22222222212 22
840 414  504   562111180 6 73 35 25 10 10 10 101111122221112219222122341212121211122222122211122111111111111111344443323222223234321  5611   952 82998998   307.069403 16907.195167     1.200837   255.7128481 41221 30.5820080916  91  22222222212 21
840 415  962   671141180 6103 50 20 10  0 10 101111111111231112222133341211122111122244122221121111111112111111111111111111111111112  7511   462 82998998   177.777024 11539.038769     1.200837   148.0442811 51111 30.8320080916  01  22222222122 21
840 416  814   293321225 6 03 40 25 20  5 10  01111233313322211222155511211121111122222222222222212211111211111441139444443444441321  2641  1532 82998998   482.537634 14081.971974     1.200837   401.8344760 52222 30.0020080916 401  22222222221 23
840 417  309   353131168 6303 45 10 20  0 20  51111123311111111111155421212121211122241133222231112112222222111991199999999999299212  3321   752 82998998   844.440860 29742.095979     1.200837   703.2103330 62991 32.50200809169992  22222222212 29
840 418  199   239991181 5303 25 25 25 10 10  51111222222222221222199991212121211122221122221121111111111111111111121111223123321122  4511   302 82998998   993.459837 22993.889353     1.200837   827.3062751 61121 27.5020080916 201  22222222212 22
840 419  298   381191176 5303 40 20 10  1 10 191111122222222222222555551212121239922299122222222211112121112111911129229922221291111  3511  1722 82998998   286.251139 10946.243553     1.200837   238.3763841 71911 27.5020080916  11  22222222212 21
840 420  104    95131176 5303 45 25 15  0 159991111123222222112222445551212121211122221122222111111112122111111122111111111111111112  5311  1522 82998998   734.296400  6650.406553     1.200837   611.4872460 71112 27.5020080916  11  22222222212 21
840 421  684   692141178 5303 30 30 20  5 15  01111121112122111222555551211121111122242243332132112112122111111111122222112221112212  9011   492 82998998   281.480286 20961.096184     1.200837   234.4034440 82111 27.5020080916  01  22222222212 21
840 422  146   176311177 5303 40 40 10  0 10  01111122211222111222555551222122211122222112111121112211211112111111111111112111111322  1411  1662 82998998   938.267623 16051.289905     1.200837   781.3448151 82111 27.5020080916 231  22222222212 22
840 423 1120   965311171 5403 60 10 10  0 10 101211222334443121222144321211121133422222132232231111112211112111111111111111111111111  8411  1512 82998998   175.925180 16287.338307     1.200837   146.5021531 91113 28.33200809169992  22222222221 29
840 426  164   123221178 6303 35 15 10 35  2  31111222221122111222115551221122134222242123222222112111211112211111111333321333234112  2211  1672 82998998   938.267623 11330.322286     1.200837   781.3448150102221 32.5020080916 121  22222222212 22
840 428  730  1141141195 7 03 65 10 15  5  5  01111121111231111299133321111111133111242242243322211112111121111121113211111221111312 10011  2002 82998998   170.594114 18540.527424     1.200837   142.0626941101111 35.00200809169991  22222222122 29
840 429  269   253411180 7 03 30 20 20  0 309991111122222122222222111112222222211122222111222222111111111111111111111111114444443322  2011  1172 82998998   562.960574 14162.902857     1.200837   468.8068890111121 35.0020080916 552  22222222212 24
840 43099998999988888998989889989989989989989988888888888888888888888888888888888888888888888888888888888888888888888888888888888888999888 10182 82998998   469.133811 11330.322271     1.200837   390.6724071119999999.0020080916 778  88888888888 15
840 433  671  2022421175 6 63 30 30 20 10 10  01111132334443111112344441111111133322243354343343322223323333221334443444444444444412  3029   902 82998998    70.961416 10116.954206     1.200837    59.0933050122333 30.5020080916 832  21122222222 15
840 434  646  2351414180 6 53 60 20 10  5  5  01111122233423111212555551111111123222244243232232213323212213111121211441131111131312 20011  1482 82998998    63.972792 15378.909635     1.200837    53.2735101123212 30.4220080916 805  12222222222 15
840 435  760  2805412179 7 03 20 50 20  2  6  21211122233433211212555531111121133322955555454444323332323223322111111211121432111212  7011  1242 82998998    58.237300 13186.150833     1.200837    48.4972641133122 35.0020080916 904  22222222221 15
840 438  514  2272211180 6403 50 20 20  0 109991111131213312111112455551212121212122245223222242212211211112111333122222112221111111 12019  1162 82998998    45.278330  8515.163379     1.200837    37.7056481142221 33.3320080916 453  21222222222 13
840 440 1248  4701241180 6 03 45 30 20  0  5  01111111111111111122554451212121223322922222221222211211111111111111111111111111112112 12011   962 82998998    39.552265 19110.184566     1.200837    32.9372520152111 30.0020080916 162  12222222222 12
840 443 1707  5563144177 5303 40 30 15  5 10  01111121112222211212555551211121121122222222222222112112211111111111131111111111111112 10021   632 82998998    33.710214 20941.003451     1.200837    28.0722690162111 27.5020080916  62  22222222221 11
840 444 1746  6041322180 6113 50 20 28  1  1  01111211224332111122233421112111243111155244454353312212222223321121111111111111113111  9611   132 82998998    32.047091 18704.706491     1.200837    26.6872991172112 30.9220080916 474  22222222221 13
840 445  747  4302423999 7352 30  0 50  0 20  01111122323433122122543551212121211111155555554442323333222222121111111111111111111111 12011   982 82998998    29.371856 13891.960447     1.200837    24.4594900173112 45.5020080916 853  21122222222 15
840 44699998999988888998989889989989989989989988888888888888888888888888888888888888888888888888888888888888888888888888888888888888999888 10272 82998998    25.745148 11338.957972     1.200837    21.4393391189999999.0020080916 738  88888888888 14
840 447 1892  6301414180 61529999999999999999991111132323433121212545541121112234112155444453343213322223223321111222222212222124212 35011  1452 82998998    22.884577  8814.244539     1.200837    19.0571910183112 37.5020080916 905  22222222221 15
840 448 1625  8251423180 5 03 70 10  5  0  0 151111133334433111222222331212121243122299999999999999999999999999999999999999999999922 45011  2162 82998998    18.559140 15538.727540     1.200837    15.4551720199993 25.0020080916 745  22222222221 14
840 449 1015  3401231178 6403 35 20 25  0  5 151111133322333122212233341221122141122255444343343322222222222221111222222221222222212 20011   762 82998998    44.444256 14689.231256     1.200837    37.0110701192212 33.3320080916 131  22222222221 12
840 451  734  2912312182 5293 70 13 15  1  1  01111222223423111111554541212122299322254444242242219999999999999222132121113121111212 22711  1802 82998998    58.438814 14792.147405     1.200837    48.6650750209222 27.4220080916 484  22222222222 13
840 452 1200  3451992180 5253 40 40 15  0  5  01111122222222111222455551222122221122243232232233222111112112211132211331122331121112999911   312 82998998    45.157266 11053.880696     1.200837    37.6048310212221 27.0820080916  12  12222222222 11
840 453 1189  4312413180 5324 35 25 18  2  0 201211132334443111212343541211121134122233222233333212212212222211111111111112111113212 16519  2122 82998998    20.747932  7015.334613     1.200837    17.2778951212113 27.6720080916 976  22222222221 15
840 455 1688  6621413240 5 12 30 30 20 10 10  01211133333543111222333331112111244922255555254454423323313322221111331121111111114412 40011   332 82998998    31.865693 15312.665668     1.200837    26.5362391223113 30.1020080916 885  22222222221 15
840 45699998999988888998989889989989989989989988888888888888888888888888888888888888888888888888888888888888888888888888888888888888999888 10352 82998998    34.750653 11905.048839     1.200837    28.9386971239999999.0020080916 128  88888888888 12
840 458 1585  5315414190 7303 30 40 30  0  0  01111122223432111111555551112111243122255454223322223322212222211223121222221333221212  9011  2092 82998998    40.992275 18867.928018     1.200837    34.1364240233222 37.50200809161002  21222222222 15
840 459  775  2962414180 7113 38 15 20  2 10 151111144344533111222524421122122233322243353323322213223221221111133222443334443332312  4511  1862 82998998    45.522419 10662.260870     1.200837    37.9089130243223 35.9220080916 745  12222222222 14
840 460  910  3002411180 6353 30 40 10  5 20  51111132322323122122545541222122211112155454222343223322211123211113431221113332232322 10021   482 82998998    49.238534 12944.810633     1.200837    41.0035181243222 32.9220080916 503  12222222222 14
840 463  552  2785111180 5183 40 25 20  2 10  31111121112222111222222221111111111222254225242233212212222222211211111443112442131411  5031  1352 82998998    60.970459 13108.743543     1.200837    50.7733090252221 26.5020080916 212  12222222222 12
840 464  720  2403423183 5483 60 30 10  0  09991221221335523111222555531112111241322255445444594412323322233221434433444333444444412  7511   502 82998998    67.286124 16913.052568     1.200837    56.0326961263332 29.0020080916 754  21222222222 15
840 465  654  2174333184 6 139999999999999999999999932222323111222555551212121211122255322222223213322222222211111111111223111121112  9019  1812 82998998    78.188969 14696.577476     1.200837    65.1120680263112 30.0820080916 449  22222222222 13
840 468 1087  1053494180 5363 30 30 30  0 10  01111122222233111222555551112111211122233233233432212212222232221123322441223331221322  5011  1642 82998998   126.035949 12175.868702     1.200837   104.9567661282222 28.0020080916 595  22122222222 14
840 469  776  1692414180 5513 30 20 40  0  5  51111121323322111222555551222122234322253232222222213212111112119112121211214231212422  8111  1702 82998998    84.868428 16319.674300     1.200837    70.6744050282122 29.2520080916 986  12222222222 15
840 470  869  3015413187 6203 30 30 10 20 10  01111122323533211212555541112111234312255354353242313323223223221222131443433444434212  6019   702 82998998    73.750294 18542.603457     1.200837    61.4157501293222 31.6720080916 754  22222222221 15
840 47199998999988888998989889989989989989989988888888888888888888888888888888888888888888888888888888888888888888888888888888888888999888 10452 82998998    64.956990 14310.398289     1.200837    54.0931030299999999.0020080916 498  88888888888 13
840 472  834  2695412185 5573 65 10 10  2 10  31111133334424121122342451111121141111133334222222212222312212211122121333332223321211 10021   592 82998998    60.102553 10447.495246     1.200837    50.0505581302223 29.7520080916 654  22222222221 14
840 473  960  3053323171 5183 35 30 20  5 10  01111133332233111212555551122112211122243224243232212211212112111111211221111221112312 10011  1142 82998998    56.109027 12501.760920     1.200837    46.7249390302112 26.5020080916 414  21222222222 13
840 474  827  2784221176 5253 20 25 20  0 15 201211132322333112112555441112111222122154455552342212222222223211111121211111211111112 12511  1902 82998998    52.613138 14295.266454     1.200837    43.8137280312112 27.0820080916 142  12222222222 12
840 477  980  3352413187 6 03 30 30 30  0 10  01111131225533111112555551112111213422255455544443322222222222222333343434334433433312999911   432 82998998    44.211563 11211.680183     1.200837    36.8172951312332 30.0020080916 635  12222222222 14
840 478 1371  4581414180 6113 30 35 30  0  59991111133333423111222555551122112222122234434222233212222211112111112241222221222221212 20011   102 82998998    42.222043 17207.927131     1.200837    35.1605171322222 30.9220080916 757  21222222222 15
840 481  915  4392413999 5253 90  5999  0  59991111133334433111112222222212221244122255455555453412212322222111232111111213112323112  8019   172 82998998    35.857361 16620.314481     1.200837    29.8603111332123 27.0820080916 874  22122222222 15
840 482  935  4654124180 4553 50 25 10  5 10  01111111111222111222323331212121211122232232223322112212211222211442212222123221224321  3511  1692 82998998    34.608232 12966.021640     1.200837    28.8200960332221 24.5820080916 304  12222222222 13
840 483  839  4122131180 5 039999999999999999999999921212222121121544551222122231122255242322242212212222223221111111221111221111312999911    42 82998998    33.115328 14007.388719     1.200837    27.5768760342111 25.0020080916 159  22222222222 12
840 484  899  4471311180 5543 20 35 40  1  4  01211121223433112222453351212121223122255234354352112212323223111231121121122121212112 20611  1912 82998998    31.450311 12754.524810     1.200837    26.1903291342112 29.5020080916 342  12222222222 13
840 486 1164  5802314180 6 03 30 30 30  0 109991111132233333111212433331222122233122254355349944223332322993311111111111112221122122 15011  1732 82998998    27.551089 13723.922243     1.200837    22.9432411353112 30.00200809161006  12222222222 15
840 488 1186  6501414180 5553 30 25 20  0 259991211133343423111211433331212121221122255454332222222212222222221112221221122333333312  7012  1022 82998998    21.297373 12068.828945     1.200837    17.7354430352123 29.5820080916 685  21222222222 14
840 489 1903  9573122180 8 03 25 25 20 10 10 101211121111112111111333421212121233122222233222222222111211112111112121111111111111112 35011  1422 82998998    19.502098 17213.145078     1.200837    16.2404231362111 40.0020080916  72  12222222222 11
840 490  961  5074141175 6103 25 50 10  5  9  11111112111132212212532541112111233122254332343342112222222223211111211333121443221212  3512   992 82998998    34.187889 18165.213065     1.200837    28.4700540362221 30.8320080916  02  12222222222 11
840 492  967  4802231178 7 03 25 30 30 10  5  01111122222233211212554441212121233322255454343332222222222222222222321333221333222312 10011  1322 82998998    53.277026 25752.357378     1.200837    44.3665831372222 35.0020080916 112  22222222221 12
840 493  708  2494221167 6203 15 20 22  3  5 351111122223322121222553321212121231122243244222243312112211112221111112332233332222312 14012   742 82998998    60.102553 15547.469805     1.200837    50.0505580382222 31.6720080916 232  22222222221 12
840 494 1285  1705131183 6104 50 10 20 10 10  01111122222222111222553331212121211122232222232222212211112221111111121231311231312212999912  1882 82998998    77.828650 11316.150006     1.200837    64.8120121382211 30.8320080916  92  22222222221 11
840 495  115   195212180 5 039999999999999999992221222213432122222254331222122231122255123222222212211111112111222121133444343442211  1621  1842 82998998  1125.921148 22660.644571     1.200837   937.6137781392222 25.00200809169992  22221222222 19
840 500 1025  3385414180 6303 20 45 20  5  5  51111122334443111222555551212121244322255445353353213322323223211133331432222223222322  6011   342 82998998    50.869931 18957.130666     1.200837    42.3620681403223 32.5020080916 857  12222222222 15
840 501  775  2635424181 6 03 60 20  5  5  5  51111132333344111222444441122112243311155245353342312292323222121114341111112112223322 25029   162 82998998    63.731386 13523.090857     1.200837    53.0724780402223 30.00200809161005  12222222222 15
840 502  552  1814312180 5303 70 15 10  5  5  01111122113333111222555551211121112122244355453344212212222223211122111222223332221312  3011  1292 82998998    86.167434 14153.268135     1.200837    71.7561560412222 27.5020080916 483  12222222222 13
840 503  582   635224180 5373 70 20 10  0  0  01111122322222111112454431221122113122224122222222211212222222211111111111111111111112 13521   142 82998998   213.782496 10487.719173     1.200837   178.0279321412112 28.0820080916 215  12222222222 12
840 505  432  1455311176 5293 94  3  3  0  09991211132324543111121532351212121931122255253232342212212112123111222121221322221221311  8211   872 82998998    91.787050 11403.742044     1.200837    76.4359060422213 27.4220080916 332  12222222222 13
840 506 1081  5414433177 6503 20 15 20  0  5 401111123234444111112224431111111113122255454253434213322212232211111221121112121111111 10011  1202 82998998    32.169176 15288.998105     1.200837    26.7889651433113 34.17200809161004  22222222221 15
840 507  883  2804411180 63039999999999999999999999921323323211212535931212121222122255244442232112212122222111111111221112221111112  5019   602 82998998    63.491794 16181.690865     1.200837    52.8729570432112 32.5020080916 389  22222222222 13
840 509  376  2045411180 6303 20 50 29  0  1  01111121213422112222255541221122131122255334222232113211111111111343334443343443341412  2212  1112 82998998   137.307457 13472.029587     1.200837   114.3431441442332 32.5020080916 562  12222222222 14
840 513  645  2164131180 6 53 25 40 15  0 10 101111111112311112222553331222122211122254252552252111212122112111224131331142441141212  7021  1852 82998998    75.734606 14590.910175     1.200837    63.0681910442221 30.4220080916  11  12222222222 11
840 514  156   346311180 6 53  5  0  5 70999 201211123333333121222222221212121211122233222232131212211212111111221112221122222122212  2511  1442 82998998   402.114695  9711.704800     1.200837   334.8620630452112 30.4220080916 401  22222222221 13
840 515  228   476231175 6103 40 10 50  0  0  01111122223233121221555551211121113222255234442233212212222223321111111131311331321112 15019  2102 82998998   402.114695 18487.646377     1.200837   334.8620631452122 30.8320080916 282  21222222222 13
840 516  564  1995431172 5403 64  6  7  1  3 191221122223322111222344551111112131322233124221242112212221122111211121111112111112121 10521  2062 82998998    97.062168 21075.275169     1.200837    80.8287740462112 28.3320080916 512  22222222221 14
840 517 1271  6221121180 6 83 55  5 25  2  8  51111111112222111112555551212122244122255244222231112212211112111111131111113221114412 23011   202 82998998    26.554743 11918.216097     1.200837    22.1135321462111 30.6720080916 102  12222222222 12
840 519 1084  3814424177 6323 40 15 30  0 10  51111121223412222222555541212121211111133354222233212222211122211322122331232331231112 13011   582 82998998    65.971942 24895.727541     1.200837    54.9383070472222 32.6720080916 885  12222222222 15
840 522  625  2204311180 6453 50 10 15  5  5  51111132234333111222554331222122211122244335343342219999999999999221111331222331221322 10011  1402 82998998    70.961416 10711.439075     1.200837    59.0933051489222 33.7520080916 502  22222222221 14
840 523  583  2745211180 7 03 40 40  0  1 19  01111111223333111211555551211121111122232222222222229999999999999333223332331222222212  8021  1012 82998998    49.527323 14054.915973     1.200837    41.2440080489222 35.0020080916 151  12222222222 12
840 524  685  2432241180 63039999999999999999999999922332232212222444441222122211122222123222231111111111111111111111111111111111112999919  1382 82998998    65.207788 16962.673535     1.200837    54.3019560491112 32.5020080916 152  12222222222 12
840 525  535  1614391178 6303 50 20 10 10 10  01111122223333111222434431212121211122299999999999999999999999999999999999999999999922  7029  2082 82998998    87.962589  9205.886806     1.200837    73.2510761499992 32.5020080916 232  12222222222 12
840 527  279   815311180 6 73 40 15 20  5 10 201111133333343111222322221212121231122222224332222111111212111111232232343343343332112  6812  2012 82998998   168.888173 12470.435992     1.200837   140.6420670501223 30.5820080916 292  22222222222 13
840 528  766   516221180 5523 30 20 30  5 10  51111122212222222222334441212121211122243222222222219999999999999121112221222222221212  9019   112 82998998   259.827957 12027.572871     1.200837   216.3724100519121 29.3320080916 152  12222222222 12
840 529  292   156221175 6303 35 15 25  2  8 151111223333333112112555551212121299922222134221121211112211112111111111111111111111112  5011  1772 82998998   888.885117 13417.486923     1.200837   740.2214041511112 32.5020080916 321  12222222222 13
840 530  466   326411174 6 03 15 30 30  1 10 141111122223322222222242221211121111122299999999999999999999999999999999999999999999911 11511  1782 82998998   625.511748 20142.795162     1.200837   520.8965431529992 30.0020080916 502  12222222222 14
840 533  243   795311174 6203 50 25 20  1  4  01111123223333111222533331222122233322254224242332113211222223311132112211122222222222  3511   512 82998998   213.782496 16403.868450     1.200837   178.0279320532122 31.6720080916 401  12222222222 13
840 534  178   974221180 6363 40 30 20  0 109991111121113422111222553551222122211122242223242242212111223112111131111332234332231412 10112  1872 82998998   170.594114 16733.458474     1.200837   142.0626941532221 33.0020080916 182  12222222222 12
840 536  536  1875411173 6 73 50 35 10  0  59991111121223422121222553331222122211122254244232232111112211112211121111212112211111112 10012  1942 82998998    74.400076 12212.124250     1.200837    61.9568580541112 30.5820080916 651  12222222222 14
840 539  477  2574311178 5503 82  5 10  2  1  01211122223323112112555551222122233322255332332232213311112122111231311111111111111312  5012  1892 82998998    62.783707 14405.093714     1.200837    52.2832960553222 29.1720080916 271  22222222222 13
840 540  562  1934311175 6103 40 20 20 10 10  01212211112323112222555531222122211122242224332232212112222112211223212112112111111312  9011   472 82998998    80.422939 12948.939810     1.200837    66.9724131552221 30.8320080916 351  12222222222 13
840 543  165   505311180 6 03 15  5 15 10  2 531121231213234111222555551212121211122255234243352212211291233221223141221131331131412  3512  1632 82998998   263.887769  9759.125240     1.200837   219.7532290562222 30.0020080916 341  12222222222 13
840 545  850  3683312180 6153 55 10 30  0  59991111121223323111112553531221122144122255235353222212211222222111111111111212121213212 10011   182 82998998    44.444256 18512.242727     1.200837    37.0110700572112 31.2520080916 394  22222222221 13
840 546  330  3303211175 6103  5 50 20  0  5 201211133323432121222555541212121214122255445253343212222223222221222233331233341232312  5011   522 82998998    49.382506 14063.513957     1.200837    41.1234111572222 30.8320080916 402  22222222221 13
840 548  387  1954321176 6453 30 35 30  0  5  01111122324433111222354431222122221122233223332232323321211112121111211121224222221322  9512   782 82998998    82.788320 13718.576581     1.200837    68.9421901583122 33.7520080916 461  12222222222 13
840 549  600  1435221182 6473 15 15 40  0999 301111122223333111111553421212121211122222234222222221111111111111222222333332223333312 10011  2072 82998998   115.676831 14667.335064     1.200837    96.3301831591222 33.9220080916 152  12222222222 12
840 550  675   586211180 6303 40 10 30  5 10  51111121122222211222344331212121222122222133232232112212222222211114141111113111111112  7511   692 82998998   318.656929 18188.373964     1.200837   265.3623900592221 32.5020080916 101  12222222222 12
840 551  445  1495321180 7 03 30 30 10 10 20  01111123214443111222354541222122211122255455353253322222222223222234142441332431224412  6011  1552 82998998   124.182479 18692.400831     1.200837   103.4132841602222 35.0020080916 352  22222222221 13
840 552  529  1875291175 5 53 30 10 10  0  5 451111122333333111212555551222122222222244244242243212212212113211211111111111111112211 11411   562 82998998    88.423127 17217.937425     1.200837    73.6345900602112 25.4220080916 232  22222222221 12
840 553  748  2264232180 6103 30 20 25  0 15 101111111111111211112555551222122222322242234241222222212212122221111111111111111112111 30011  2032 82998998    77.828650 16246.288806     1.200837    64.8120121612111 30.8320080916 154  12222222222 12
840 555  969  3254131186 7303 50 10 20  5 10  51111112232332999999555551211121121122244244242232212212111111111121111111111111111311  5511  1682 82998998    61.863800 12039.579222     1.200837    51.5172410612112 37.5020080916  52  12222222222 11
840 556 1480  2864211180 5303 20 50 20  0  5  51211111122222111221555551112111211122244322232222112221212112211343342343334343333412  3512   322 82998998    57.056815 16363.894613     1.200837    47.5142121622331 27.5020080916 262  22222222221 13
840 557  889  3101294172 5343 78 15  5  0  29991211221222322112212345431122122233122222233232243221112212113111223223441223442331212 10011  1472 82998998    52.777554 14149.245823     1.200837    43.9506460621221 27.8320080916 263  22222222221 13
840 558 1090  3653142180 7103 50 35 10  0  59991111121121222211222545431222122211122222233242232212211212112111111211222111221111212 20019   972 82998998    48.670943 19468.889539     1.200837    40.5308550632111 35.8320080916  42  22222222221 11
840 559 1187  3961131180 6203 40 30 25  1  5  01111111111112111222544451212121223122222232222232111112112112111112121111112211111112 10011   672 82998998    43.867058 13132.873582     1.200837    36.5304071631111 31.6720080916  72  12222222222 11
840 563  919  3324311179 5553 50 25 25  09999991111111223323111222555541111111111222222255222252221112211112111111121211111111111112 21011  1592 82998998    50.264337 18365.655042     1.200837    41.8577580641112 29.5820080916 402  12222222222 13
840 564  557  2584224176 6303 40 30 21  3  6  01111122221222111222333331212121211922244233222232212212222222221113221111112111111112 19211  1252 82998998    58.846053 11577.062653     1.200837    49.0042041642111 32.5020080916 112  12222222222 12
840 565  710  2394411176 6 03 25 20 25 10  5 151211111214433222222555551111111131422254254232242213313322223331111111321221122221412  9022  1602 82998998    69.501306 17834.766652     1.200837    57.8773941653212 30.0020080916 877  12222222221 15
840 567  181   593411176 4403 10 40 40  3  5  21211233334423291222433331212121211122224124152243321311311113221322111332333332332221   412   932 82998998   392.763191  7904.876020     1.200837   327.0745740652223 23.3320080916 801  22211222222 15
840 568  566  1954312999 6103 25 25 20 10  5 151111132233443112222534441212121211122945293233242213312212223111111112111332132131122999911  1232 82998998   104.899486 16556.345485     1.200837    87.3553210663122 30.8320080916 805  12222222221 15
840 569  373  1904421189 6253 10 65 15  0  5  51111121222322111111555551212121222222255223222222211211211111111111111221112221111111  9511   362 82998998    79.664232 15071.466323     1.200837    66.3405971662111 32.0820080916 512  12222222222 14
840 570  704  1854431180 6303 20 25 10  5  5 351111232332443111212534421212121211122255454293353322222912223221331212121212121222222 13011   152 82998998    64.216035 12130.399364     1.200837    53.4760711672222 32.5020080916 622  12222222222 14
840 571  771  1663432999 5423  5 15 15  5  5 551111133324443111122444541111111111122255555454454533332323323333232231443333443332412  6511  1082 82998998    52.777554 10622.177181     1.200837    43.9506460673223 28.5020080916 673  12222222222 14
840 572  967  4723241177 5523 50 15 20  0 10  51111122112322112222553451112111232222225225242353212211212122111221321221122221122212 17511  1102 82998998    34.050034 11830.800071     1.200837    28.3552551682221 29.3320080916 233  12222222222 12
840 573  981  3253291180 6 03 20 25 35  5 10  51111122222222111112555551211121111122254244444332212212222222211111111111111111111119 21511  1412 82998998    49.966915 15210.454878     1.200837    41.6100790682111 30.0020080916 222  22222222221 12
840 574  750  2514331172 5453 87  3  3  5  2  01111122322232122222442221222122211122255255242232212212212112111221111121992131991212 10011  1092 82998998    63.731386 10253.040441     1.200837    53.0724781692992 28.7520080916 272  12222222222 13
840 575  564  1984311180 6103 20  5 60 10  2  31111111123433112222555551222122211122243124333243322212222222221221111331212331221122 11411   552 82998998    89.358821 15916.405136     1.200837    74.4137920692222 30.8320080916 332  22222222221 13
840 576  694  3401411171 6153 30 10 45  5  5  51211122333433211222545441222122211222255455453353323333333223221121211221112111212212  7511  1542 82998998    39.004197 10159.323877     1.200837    32.4808471703112 31.2520080916 812  12222222222 15
840 577  454  1315411180 5553 60 30  8  1  1  01211132334433111222422341112121221222255454253252223323213223211322211112113132111112  6011  1502 82998998    55.373171  4039.909994     1.200837    46.1121530703223 29.5820080916 901  12222222222 15
840 580  385   962414187 6303 40 20 20  5 10  51111122212322121111545551212121211122244223222122212212211211111334441221413221412411  3521   392 82998998   149.458560 16920.282184     1.200837   124.4620061712221 32.5020080916 905  21222222222 15
840 58199998999988888998989889989989989989989988888888888888888888888888888888888888888888888888888888888888888888888888888888888888999888 11222 82998998   222.221279 13641.111705     1.200837   185.0553510719999999.0020080916 878  88888888888 15
840 582  530   476431170 6363 15 50 25  5  5  01111222323433222222555551112121211122244234252243323332313113333234312121331111111112  3211    12 82998998   367.148200 15659.717995     1.200837   305.7436230723222 33.0020080916 901  12222222222 15
840 583  360  1304231180999939999999999999999991111122223333111222444431111111299922223334242232219999999999999213232221222222222212  1811   452 82998998   136.200139 15761.940342     1.200837   113.4210221729222999.0020080916 901  12222222222 15
840 584  866  2531411180 7 039999999999999999999999911212232111212555531122112211111132234242352112112212223211112231331322321321212  7511    32 82998998    61.863800 13147.561428     1.200837    51.5172411732221 35.0020080916 489  22222222222 13
840 58599998999988888998989889989989989989989988888888888888888888888888888888888888888888888888888888888888888888888888888888888888999888 11262 82998998    43.640354 16270.869659     1.200837    36.3416190739999999.0020080916 458  88888888888 13
840 587  463   934411180 64539999999999999999999999911225533222222222551111111122122252222252222223111212111111111211121122221121312  9611   732 82998998   131.943885 10465.968693     1.200837   109.8766150742112 33.75200809169999  22222222222 19
840 588  800  4004211999 5503 70 20 10  09999991211122223333111112553331222122211122244322222332212221111122111111121221222222221112 13121   222 82998998    51.023617 18810.710839     1.200837    42.4900500752122 29.1720080916 232  22222222221 12
840 59099998999988888998989889989989989989989988888888888888888888888888888888888888888888888888888888888888888888888888888888888888999888 11292 82998998    40.500760 15589.382135     1.200837    33.7271140 19999999.0020080916 398  88888888888 13
840 591  620  3204411178 6183 35 35 20  5 10  51111132334433211212333331111121144322233323232222211222212122221223131441312443312212  5019   422 82998998    47.307611 10950.271254     1.200837    39.3955371 12223 31.5020080916 672  21222222222 14
840 593  717  2431322175 6303 30 20 30  5  5 101111111212222112222555541112111211122222244242332221112212222111221232442333442333422  6811   892 82998998    61.413881 12978.369237     1.200837    51.1425700 21221 32.5020080916 294  22222222221 13
840 595  564  177399117899993 50 30 20  0  09991111121322223211112555441122112232222255355222232213222222221111111211112112111111121999911   572 82998998    81.984550 13452.735615     1.200837    68.2728481 33112999.0020080916 592  22222222222 14
840 59999998999988888998989889989989989989989988888888888888888888888888888888888888888888888888888888888888888888888888888888888888999888 11332 82998998    59.889422 16888.645182     1.200837    49.8730730 49999999.00200809169988  88888888888 18
840 600  886  2811411180 7303 25 45 23  5  2  01111122323433111222555541222122234322255454343433222223323222221111121111212222222212 18611  1122 82998998    53.109488 13811.291565     1.200837    44.2270651 42122 37.5020080916 882  22222222221 15
840 60199998999988888998989889989989989989989988888888888888888888888888888888888888888888888888888888888888888888888888888888888888999888 11352 82998998    47.574134 15342.401774     1.200837    39.6174841 59999999.0020080916 858  88888888888 15
840 604  777  2615321180 7 03 10 30 50  3  7  01111111112212111122555551111111111222222232232232211112112112111112211111111111111112 13711   622 82998998    36.635178  6793.979939     1.200837    30.5080400 61111 35.0020080916 272  22222222221 13
840 606 2175  6594432180 6203 30 35 25  0  5  51111132333433211211554521222122243122243354243343321112313223221111121321121331121122 12011  1432 82998998    29.786273 18584.126274     1.200837    24.8045971 61112 31.6720080916 493  12222222222 13
840 608 1000  5002222180 5303 15 10 25  5 10 351111121112322111112333331211121122111155455252453422222212132222111111111111111111111999911   252 82998998    25.903094  7004.492582     1.200837    21.5708690 72111 27.5020080916 272  22222222221 13
840 609  910  3153131185 63039999999999999999991111111112222111222545551112111233222245232222232212212222222111121121221111221111112 10011  1372 82998998    41.907735 13772.306018     1.200837    34.8987761 82111 32.5020080916 242  22222222221 12
840 610 1174  3792231180 7153 20 18 50  2 10  01111121122322122112553441221122122122245232222232212212222222211111121111121112111112 13011  1262 82998998    59.259008 20573.480115     1.200837    49.3480940 82111 36.2520080916 122  22222222221 12
840 612  788  2595321180 6 039999999999999999991111132333433111222243521112111222122222223252353211112223223221334333444444444444412  2411  1152 82998998    75.061410 17691.488884     1.200837    62.5075851 91332 30.0020080916 452  12222222222 13
840 613  850  2764321180 6 03 80 10 10  0  0  01111122212322999999222221221122111122222234322242212222322222221131111333113333111122  6011   542 82998998    55.192213 13440.872601     1.200837    45.9614600 92221 30.0020080916 252  12222222222 13
840 614 1600  5405311180 7303 80 10  8  1  2  01111122224432111222554551112111244311299999999999999999999999999999999999999999999912  7521  1762 82998998    37.364639 18022.663916     1.200837    31.1155011109992 37.5020080916 602  12222222222 14
840 615 1537  4994331180 7303 28 30 35  1  2  01111111112222111222555551211111122122223233222232322212222222222124441111112111121112 20011   292 82998998    33.377109 17219.402939     1.200837    27.7948750102221 37.5020080916 521  12222222222 14
840 61699998999988888998989889989989989989989988888888888888888888888888888888888888888888888888888888888888888888888888888888888888999888 11452 82998998    40.307440 14525.063815     1.200837    33.5661260119999999.0020080916 188  88888888888 12
840 618  889  2914411180 7353 20 15 50 10  5  01111132223333111111454441111111133322255333232222222211112112111221233322222223332212 20011  2042 82998998    54.304878 11985.700438     1.200837    45.2225291122222 37.9220080916 683  22222222221 14
840 619  661  2144419180 7 03 30 30 20  2 17  11111122345533121222544321212122233122255254442342212222222222211343341442113441222212  2511  1972 82998998    64.216035 12601.213952     1.200837    53.4760710122223 35.0020080916 685  22222222221 14
840 622  234   264411185 6 03 10 10 20  5  5 501111121223333222222555551212121211122244122221131112311111112111211111441444441441122  1511  1192 82998998   544.800555 13706.035019     1.200837   453.6840861132222 30.0020080916 611  12222222222 14
840 623  400  1915411180 6 03 15 80  0  0  5  01111122224443291291545451122112222122955425252254423222323123221113221221223321221211 19611  1742 82998998    89.834134 13644.600890     1.200837    74.8096101143122 30.0020080916 581  22222222221 14
840 624  992  3344311180 5153 60 20 15  0  5  01111122233323111112353341212121232122232122232232212211212112111224331331333331222322  3411   832 82998998    48.953093 15172.779247     1.200837    40.7658160142222 26.2520080916 492  22222222221 13
840 625  554  2694311180 6103 50 15 15  0 10 101111121223333111111555551211121114322255235253242212222322223339111321111132111132112999911    62 82998998    58.846053 12047.569767     1.200837    49.0042041152112 30.8320080916 612  22222222221 14
840 626  620  2015411180 7203 25 30 30  5  9  11111122223312211222545251211121123222299999999999999999999999999999999999999999999911 10011  1182 82998998    72.796625  8966.582566     1.200837    60.6215800159992 36.6720080916 712  22222222221 14
840 627 1072  1225311180 5503  5  5 20  0  5 651211122222333111221543331112111212122255355222242112322311112111222111332223332321222  2511   812 82998998    89.834134 16583.026562     1.200837    74.8096100163222 29.1720080916 502  22222222221 14
840 62899998999988888998989889989989989989989988888888888888888888888888888888888888888888888888888888888888888888888888888888888888999888 11542 82998998   150.793011 12291.376424     1.200837   125.5732741169999999.0020080916 638  88888888888 14
840 629  464   326411180 6353 10 40 40  0 109991111112213323222222444441212121211222244233232232112222222212111434444444334333434312  7511  1562 82998998   331.153278  8755.249032     1.200837   275.7687581172332 32.9220080916 851  12222222222 15
840 632  600  1974431182 5503 30 40 20  1  9  01111121222433111112545551112111211122244253452242212212222223221121112142233243232112  7021   212 82998998    71.562785 13751.028951     1.200837    59.5940961182222 29.1720080916 512  22222222221 14
840 633 1725  4334331180 5503 20 30 25 20  5  01111122222322111222554451211121233122254253222332212211211112111111111111112111191111 15111   722 82998998    36.476927 11546.116644     1.200837    30.3762560182112 29.1720080916 582  12222222222 14
840 635  292   925411175 6 53 55 30 15  0  0  01211122224432111212555551212121211122223224353242212211123222111323322342334343332221  7211   442 82998998   135.110537 13052.531231     1.200837   112.5136530192222 30.4220080916 541  22222222221 14
840 636  253   716431180 7153 20 20 55  0  59991111122212333219222555552212221211122255134223232213312222213221111311121212221211322999999    22 82998998   222.221279 13234.969638     1.200837   185.0553511203112 36.2520080916 602  12222222222 14
840 639  530  1704141180 6303 20 50 20  0 10  01111121112211112212555541211121143122222233222222211112211111111222231221111221111111 20011  1712 82998998   104.251959 14732.196087     1.200837    86.8160911211221 32.5020080916 122  22222222221 12
840 641  556  2789231999 5453 30 30 30  5  5  01111122223233111221232321212121211122255244231222112211111112111231112333333333234412  9011   642 82998998    55.555320 13836.783464     1.200837    46.2638380212222 28.7520080916 323  12222222222 13
840 643  738  2559411180 6453 30 45 15  0 109991111121112233111222554551212121222222255255454452222212112222122131111441114441111112  4821    72 82998998    38.296638  9628.911053     1.200837    31.8916251222221 33.7520080916 632  12222222222 14
840 645  880  2764413180 6303 46 30 20  2  2  01111222333433121222555441111111122322244344242332212212212122111111122121223222321211  6611  1342 82998998    56.109027 13363.004660     1.200837    46.7249390222122 32.5020080916 724  22222222221 14
840 646  970  3025311180 6153 65 10 15  0 109991111133333443121222543331112111212122255354333342212222222223111221112232223222221112  7011    82 82998998    70.078080 21226.724107     1.200837    58.3577041232223 31.2520080916 342  22222222221 13
840 64799998999988888998989889989989989989989988888888888888888888888888888888888888888888888888888888888888888888888888888888888888999888 11652 82998998    94.880996 17568.364887     1.200837    79.0123970239999999.0020080916 568  88888888888 14
840 648  485   855231182 6 83 40 25 30  0  5  01111111111222211222555551112111221122223122212222112212211111111111121111111111111111  5011  1932 82998998   234.566906 15933.265735     1.200837   195.3362041242111 30.6720080916 172  22222222221 12
840 64999998999988888998989889989989989989989988888888888888888888888888888888888888888888888888888888888888888888888888888888888888999888 11672 82998998    22.915627 13490.308817     1.200837    19.0830480249999999.00200809169988  88888888888 18
840 650  944  3464311176 5363 70 10 10  2  3  51111222233233111212554331212121233322232233222232112222222122211331121121222121221212 35011  1982 82998998    54.130824 13385.865623     1.200837    45.0775851252222 28.0020080916 292  22222222221 13
840 652  469  1555211180 6223 70 20 10  0  0  01111121119311121221555551222122221122252235232242212111212212211111121221111321211111  6011  1652 82998998    98.765013 14861.385267     1.200837    82.2468230252111 31.8320080916 151  12222222222 12
840 653  317   755141181 5253 60 15 20  0  5  01211223323412111222222221212121211122299999999999999999999999999999999999999999999912  5611   272 82998998   160.845878 15215.004164     1.200837   133.9448251269992 27.0820080916 101  22222222221 12
840 654  280   146311182 7 03 70  0 30  0  0  01211123224433211221555551222122211122222222222222211111111111111221112111111111111112 15811  1572 82998998   649.569893  9805.086598     1.200837   540.9310260261112 35.0020080916 401  12222222222 13
840 656  500  1305331180 6363 75  5 10  0  0 101212123335523211212324331211121231322233124242221112211212112111111111111112121111112  6511   122 82998998   102.980593 13738.509293     1.200837    85.7573581272113 33.0020080916 351  22222222221 13
840 657  258999995311180 6303 35 15  5  0  0 351111133344423111212555551112121214122255444353343412333323223231123321121114321213222  6012   192 82998998   143.125569  6080.103327     1.200837   119.1881920283223 32.5020080916 412  22222222221 13
840 65899998999988888998989889989989989989989988888888888888888888888888888888888888888888888888888888888888888888888888888888888888999888 11742 82998998    79.290221 14043.216291     1.200837    66.0291391289999999.0020080916 198  88888888888 12
840 660  390  2023312182 5 63 15 15 50  0 10 101111222223333111112555551112111234222255224223332219999999999999122222332333444443211 10011  1962 82998998    66.754219 15517.615393     1.200837    55.5897501299222 25.5020080916 452  12222222222 13
840 661  970  5173342180 5223 70 15 15  0  0  01111122222322112222222221222122211122255445342342422222212122121111111111111111111112 45091  1832 82998998    32.666958 13080.103528     1.200837    27.2034950302112 26.8320080916 342  12222222222 13
840 662  917  3433141180 6303 25 30 30  0  5 101111121224433211222555551112111234422255235242253212322312113221111121113331111224211  6511  1072 82998998    41.292951 10429.013204     1.200837    34.3868131303212 32.5020080916 422  12222222221 13
840 663  623  3004311185 6 03 50 10 15  0  5 201111122923123111112453551211121111122253255253952212212323223221111111111111111111112 29811   882 82998998    50.565321 12772.054850     1.200837    42.1084031312112 30.0020080916 481  22222222221 13
840 664  795  2614111181 5273 30 30 20 10  2  81111121222322111212552521112111231122222122221111111111111111111323243333322322221212  9421  1462 82998998    59.467666 13285.201708     1.200837    49.5218540311221 27.2520080916  82  12222222222 11
840 666  370  181514118099993 60 15 20  0  5  01111132222233111212254551122112214122252132232242212112111112111211111222122222122111999911   612 82998998    86.167434 16995.483315     1.200837    71.7561560322112999.0020080916  22  22222222221 11
840 668  165   655411175 6 03 50 10 19  1 15  51211133324432111221555552222222211122255145441122213211211112111121111111112121111111  6511  1492 82998998   241.268817 15660.124005     1.200837   200.9172380332112 30.0020080916 552  12222222222 14
840 669  489  1903321180 7203 10 65 20  0  59991111132323423211222322231112111211122243222221222212211111112111111111111111221111212  5011   242 82998998   134.038232 21496.949120     1.200837   111.6206881332112 36.6720080916 611  22222222222 14
840 676 1070  3353141180 6 03 30 20 30 10 10  01111199999999999999999999999999999999932123233332112112222223111123232333233333323312  7511  1272 82998998    46.397849 12956.721432     1.200837    38.6379300352229 30.0020080916  12  12222222222 11
840 677 1320  4674121180 5283 50 30 15  0  5  01211112212312211212555541212121221922222122222222211112211112111111121111211111211112 10011  2112 82998998    39.552265  8358.434434     1.200837    32.9372521351111 27.3320080916 152  22222222221 12
840 679 1394  7154111182 5473 79 10 10  0  19991121121122312111112555551122112222122222122231232111111111111111111111111221111221112 36321   532 82998998    24.583432 16327.539024     1.200837    20.4719171361111 28.9220080916  12  12222222222 11
840 68099998999988888998989889989989989989989988888888888888888888888888888888888888888888888888888888888888888888888888888888888888999888 11862 82998998    35.857361 12180.869518     1.200837    29.8603111379999999.0020080916 348  88888888888 13
840 685  475  1841411180 7 03 40 20 30  0  5  51111132324543111212555551112111244411154335352243423322323113331111111111111112113111 30019   232 82998998    81.196236 11153.285964     1.200837    67.6163780383113 35.0020080916 651  22222222221 14
840 686  488  1395411180 6 03 30 20 20  0 10 201111122225444121221555551222122211122255225254353523322323223331113111111112111111112999911   772 82998998   111.846472 15476.019758     1.200837    93.1404421383113 30.0020080916 692  12222222222 14
840 68799998999988888998989889989989989989989988888888888888888888888888888888888888888888888888888888888888888888888888888888888888999888 11892 82998998   234.566906 22883.204503     1.200837   195.3362040399999999.0020080916 828  88888888888 15
840 68999998999988888998989889989989989989989988888888888888888888888888888888888888888888888888888888888888888888888888888888888888999888 11902 82998998    71.867307 10848.776973     1.200837    59.8476880409999999.0020080916 418  88888888888 13
840 690 1041  3892412180 6 03 50 15 15  0 20  01111132224432111222455541112111211122255445243342223321312322222334342333234443332321  5011   682 82998998    56.296058 19650.383988     1.200837    46.8806891403232 30.0020080916 824  22222222221 15
840 691  631  3959423180 6303 50 10 20  0  2 101211132323443111122355441222122211122299999999999999999999999999999999999999999999922  7512  2132 82998998    44.327604  9914.031928     1.200837    36.9139281419992 32.5020080916 816  21222222222 15
840 692  636  3251231180 6 03 25 45 15  0 159991211111111222122122555551212121233122222122222232212212222222221121111111111331112311  6032  1002 82998998    52.287360 15732.661307     1.200837    43.5424360412111 30.0020080916  82  22222222221 11
840 69399998999988888998989889989989989989989988888888888888888888888888888888888888888888888888888888888888888888888888888888888888999888 11942 82998998    24.909760 14526.375827     1.200837    20.7436681429999999.00200809169988  88888888888 18
840 694 1230  4773342186 7 03 25 25 25 10 15  01111132322333111111534449999111234122243323222232212221211112211421131323323223323122999922   862 82998998    36.087217 11485.044375     1.200837    30.0517240422222 35.0020080916 594  22222222221 14
840 695 1316  3904422184 6203 30 30 15  5 15  51111122233422111112443421212121233322245425253332312221212112211111121211212211211321  8012   912 82998998    42.541101 12136.573085     1.200837    35.4262131432112 31.6720080916 574  21222222222 14
840 696  831  3001411186 6203 40 25 25  0 109991111121212222111111555551112111231122222213132122212221212212121122221111112121111112  9011  1362 82998998    50.264337 12518.994506     1.200837    41.8577580432111 31.6720080916 903  22222222221 15
840 69799998999988888998989889989989989989989988888888888888888888888888888888888888888888888888888888888888888888888888888888888888999888 11982 82998998    62.091240  5932.633902     1.200837    51.7066421449999999.00200809169988  88888888888 18
840 69999998999988888998989889989989989989989988888888888888888888888888888888888888888888888888888888888888888888888888888888888888999888 11992 82998998   127.945585 13500.741136     1.200837   106.5470200449999999.00200809169988  88888888888 18
840 700  802   819341188 55039999999999999999991111121212333211211555551212121911122234222222222219999999999999114341333333333333312  3111  1952 82998998   213.782496 15434.234634     1.200837   178.0279321459222 29.17200809161002  21222222221 15
8401405  954   891121175 52539999999999999999999999922222222112112222221212121211111222122222222111111122112111122121111111111111111  6619    52 82998998   196.381596 16600.239642     1.200837   163.5372871 21111 27.08200809169999  22222222222 29
840140899998999988888998989889989989989989989988888888888888888888888888888888888888888888888888888888888888888888888888888888888888999888 12022 82998998   888.885117 30412.970359     1.200837   740.2214041 39999999.00200809169988  88888888888 28
840141199998999988888998989889989989989989989988888888888888888888888888888888888888888888888888888888888888888888888888888888888888999888 12032 82998998   331.153278 17661.972960     1.200837   275.7687580 39999999.00200809169988  88888888888 28
8401425  477   634122180 6303 25 25 20  0 20 101111122222222121222555551112111211122222122222121211111111111111312111333233333232322  2041  2052 82998998   255.891169 15450.439448     1.200837   213.0940400 91221 32.5020080916  02  22222222212 21
8401436  967  3191344180 6223 25 30 20  5 10 101111111111111111212455551211121111122254244232243212212211222211121311111111111111112 10011   852 82998998    53.277026 17987.333588     1.200837    44.3665830132111 31.8320080916 453  22222222221 13
840143799998999988888998989889989989989989989988888888888888888888888888888888888888888888888888888888888888888888888888888888888888999888 12062 82998998    48.253764 12517.081849     1.200837    40.1834480149999999.0020080916 368  88888888888 13
8401450  527  1612321183 6 03 50 10 20  0  5 151111123223422111112222221212121222122252244242222222122222222222112312343212232222212 10511   282 82998998    87.055759 14819.944810     1.200837    72.4959111202222 30.0020080916 232  22222222221 12
8401466  359  1194412180 7303 45 25 25  0  5  01111122324433111222254441112121243322244234233232323312323323232222322112233333322292  6029  1392 82998998   126.035949 12956.373106     1.200837   104.9567661273222 37.5020080916 903  12222222222 15
8401467  610   563423180 5453 45 25 15  1  5  91111122333333112122444441122122211122233224242342312212222223222111111332222332223312  6011  1922 82998998   433.046595 24839.552714     1.200837   360.6206840272222 28.7520080916 515  12222222222 14
8401479  692  3701221176 6 03 60 20 10  0  1  91211123433433121222555521222122233122255255454442213312332222111221212221333221331212 10029   352 82998998    39.832116 11504.018351     1.200837    33.1702990323223 30.0020080916 202  22222222222 12
8401491  788  3812222176 5403 40 20 20  0 10 101111122211122111212555551212121222122232254232243212112212212211121111122221122221112 10011   402 82998998    44.211563 16193.340601     1.200837    36.8172950372111 28.3320080916 184  22222222221 12
8401499 1132  370422118099993 10  5  5  2  5 771111122222332211212443431222122232222243323242932322222212222222111222211112222222221  6021   382 82998998    40.893020 12435.172050     1.200837    34.0537690392122999.0020080916 302  12222222222 13
8401504 1499  7784422180 6303 15 15 20  0999 501111122324443211212545551111111133322255555232232213222211212111221111122222122222212 14019  1622 82998998    21.432509 17473.211794     1.200837    17.8479781423112 32.5020080916 753  22222222221 15
8401521  667   595322175 6503 50 20 20  0 109991111122223333111222454551212121211122243223222222112222222222211111121111213333221112  7531  1792 82998998   296.295039 12970.237359     1.200837   246.7404681472122 34.1720080916 679  12222222222 14
8401526  385  1084241180 5363 60 15 20  2  3  01111122223422211222343341221122111122222222222222111111111111111111111211111211111312  9011   842 82998998   120.634409 13050.103338     1.200837   100.4586191501112 28.0020080916 232  12222222222 12
8401537  230   246491173 5503 80 10  5  0  59991212133434433221222555551212121211122222224232232111111322112111111143111113111111312  2411  1752 82998998   993.459837 18994.952074     1.200837   827.3062751541113 29.17200809161004  12222222222 15
8401542  389  140533117799993 20 50 15 10  0  51111212333333111222225521212121211322224335222343311222212122221112121221111221121211 11211  1822 82998998   149.458560 16219.723132     1.200837   124.4620061562112999.0020080916 441  12222222222 13
8401547 1000  2891131178 6103 50 25 20  0  3  21111122212232212222554451212121211122255455454342212222222222111213131312112111111112 15011  2022 82998998    64.216035 22035.969013     1.200837    53.4760710582221 30.8320080916  52  12222222221 11
8401586 1519  6751332180 6103 40 25 25  0 10  01111133333333111112232331212121223222295555352253323332323223322131111111112222122111  6011    92 82998998    23.921838 17075.726830     1.200837    19.9209731743112 30.8320080916 533  12222222221 14
8401592  719  2512411187 7 03 10 25 50  5  5  51111122224434222222243331111111132122253555452342222322323123211441111321122221124312  5011  2152 82998998    54.304878 10630.446112     1.200837    45.2225291 23222 35.0020080916 801  22222222221 15
8401594  653  2254431185 6303 25 50 20  0  59991111122333333111212433431212121231122124224242244221311312113311113322321234323332212  5011  1612 82998998    69.216464 14171.832742     1.200837    57.6401910 32222 32.5020080916 802  12222222222 15
840160799998999988888998989889989989989989989988888888888888888888888888888888888888888888888888888888888888888888888888888888888888999888 12222 82998998    25.784453 13752.070399     1.200837    21.4720711 79999999.0020080916 518  88888888888 14
8401621  482   999411180 6103 50 10 15  5 10 101111132224544221222131311212121211122244244323342213312321223211211121332334333231312  2511  1582 82998998   152.151507 13940.525276     1.200837   126.7045650133223 30.8320080916 441  22222221222 13
8401631  427  1205411180 6353 10 50 35  0  5  01111122224433212222455551211121113422243234222222212212211111111111111211211211112112 10011  1992 82998998   104.251959  9619.546740     1.200837    86.8160910172112 32.9220080916 932  12222222222 15
8401634  525  1765421175 6193 65 20 10  0  59991111111222332111222444441111111134122244233222222212211211112211121211121111121111112  9011   372 82998998    82.788320 12726.247695     1.200837    68.9421901192111 31.5820080916 721  22222222221 14
8401637  330   346411180 6303 35 30 25 10  0  01111221222233221222554431212121211122222143231132112212222112111211112132232132221422  3212  1312 82998998   433.046595 12540.826809     1.200837   360.6206840202222 32.5020080916 551  12222222222 14
8401655  310   745211186 5453 40 30 30  0  0  01111122322343211222555551212121212122222425232232311121212112121111111111111111111112 10011  1062 82998998   191.918377 14291.656489     1.200837   159.8205300272112 28.7520080916 232  12222222222 12
8401659  253   855211180 6103 40 30 20  5  5  01111111113333211211555551211121111122223224252232211212121212111111121111111111111112  4511  1052 82998998   198.691967 14701.975289     1.200837   165.4612550292111 30.8320080916 282  22222222221 13
8401667  540999995311180 6453 50 21 25  1  3  01211132332322211222222221212121231122222223232232212121212213221332223333334333331212  1211   262 82998998   108.960111 14696.607518     1.200837    90.7368171322222 33.7520080916 292  12222222222 13
840167399998999988888998989889989989989989989988888888888888888888888888888888888888888888888888888888888888888888888888888888888888999888 12302 82998998    62.320359 10281.605575     1.200837    51.8974421349999999.0020080916 208  88888888888 12
8401678 1521  5453232180 61039999999999999999999999933343322121222333421212121234422244433242243422322212113221224434443344443423112  5611  1302 82998998    33.710214 16299.251877     1.200837    28.0722690363332 30.8320080916 179  22222222222 12
8401682 1050  3373413181 6303 30 20 50  0  0  01211211123322111112555551112111211122255245252254212112213122111111241111111111111122 11511  1032 82998998    48.670943 14656.767785     1.200837    40.5308550372111 32.5020080916 804  22222222221 15
8401688 1350  2502411180 6403 40 40 10  0 109991211132324433111112555551111111143122255424253353323391323222222112121221222221222112  6011   802 82998998   132.982813 19671.937547     1.200837   110.7417851393112 33.3320080916 752  21222222222 15
840243999998999988888998989889989989989989989988888888888888888888888888888888888888888888888888888888888888888888888888888888888888999888 12342 82998998    42.434214  5380.479726     1.200837    35.3372031159999999.0020080916 608  88888888888 14
8402442 1272  4631221177 7 03 40 30 30  0  0  01111122223222111112554551212121222122255344352242212222212112111112121211112221112222 17021   922 82998998    35.406325 16069.104877     1.200837    29.4847101162112 35.0020080916 162  22222222221 12
8402454 1253  4251322181 6 03 20 20 10  0 509991111122223332212212223341212121221122255225252242212212222222221123111221223222221412 16011   792 82998998    29.068532 10457.633881     1.200837    24.2068960222122 30.0020080916 444  22222222221 13
8402461  983  3382313183 6 03 30 30 30  1  9  01111122222322211212555551212121222222222232242332211112222222221223231111112111112111 22521   412 82998998    52.449742 17297.189155     1.200837    43.6776601251222 30.0020080916 355  22222222221 13
8402532  311   615211180 5363  5  5  5  0  5 801111133334333111222555551222122241122222223222232212222222223221332122221221221222212 20011   942 82998998   291.186504 16702.457859     1.200837   242.4863220522223 28.0020080916 182  12222222222 12
8402589 1252  4652991186 6303 30 30 30  0 10  01111222223332111222555431212121211122233232222222212222222222211221221233222233221112999921  1212 82998998    33.245703 12646.245452     1.200837    27.6854461752222 32.5020080916 383  22222222221 13
8402602  958  2922421999 6 03 50 30 20  0  0  01111122223333291222544341112111222122255555252244212223223212222111111211111211111112  7012  1282 82998998    44.444256  9172.461147     1.200837    37.0110700 52112 30.0020080916 702  22122222222 14
8402617 1100  3602421180 6153 30  5 30  0  5 301111132223423111122545551111122122112255435342332322221222222121111222221213221221112  9011  1132 82998998    45.769152 13622.316844     1.200837    38.1143811112122 31.2520080916 592  22222222221 14
8402672  573  1934131182 6 139999999999999999999999922211222111222555551112111211122222122222122112111111111111322321334224443224312999911  1042 82998998    69.501306 11685.852006     1.200837    57.8773940342221 30.0820080916  29  22222222222 11
